Date,New positive labs,Total positive labs,New negative labs,Total negative labs,Total tested,New hospital admissions,Cumulative hospital admissions,New hospital discharges,Cumulative hospital discharges,Hospital Deaths,Cumulative Hospital Deaths,Currently hospitalized,ICU,Vented,Deaths,Total deaths,New total labs,%_positive,Date_ts
2020-02-27,0,0,0,0,0,1.0,1.0,0.0,0.0,0.0,0.0,1.0,--,--,0,0,0,,737482
2020-02-28,0,0,0,0,0,0.0,1.0,0.0,0.0,0.0,0.0,1.0,--,--,0,0,0,,737483
2020-02-29,0,0,0,0,0,0.0,1.0,0.0,0.0,0.0,0.0,1.0,--,--,0,0,0,,737484
2020-03-01,2,2,0,0,2,0.0,1.0,0.0,0.0,0.0,0.0,1.0,--,--,0,0,2,1.0,737485
2020-03-02,0,2,1,1,3,1.0,2.0,0.0,0.0,0.0,0.0,2.0,--,--,0,0,1,0.0,737486
2020-03-03,0,2,2,3,5,0.0,2.0,0.0,0.0,0.0,0.0,2.0,--,--,0,0,2,0.0,737487
2020-03-04,0,2,4,7,9,1.0,3.0,0.0,0.0,0.0,0.0,3.0,--,--,0,0,4,0.0,737488
2020-03-05,1,3,5,12,15,0.0,3.0,0.0,0.0,0.0,0.0,3.0,--,--,0,0,6,0.16666666666666666,737489
2020-03-06,0,3,12,24,27,0.0,3.0,0.0,0.0,0.0,0.0,3.0,--,--,0,0,12,0.0,737490
2020-03-07,0,3,13,37,40,0.0,3.0,0.0,0.0,0.0,0.0,3.0,--,--,0,0,13,0.0,737491
2020-03-08,0,3,22,59,62,0.0,3.0,0.0,0.0,0.0,0.0,3.0,--,--,0,0,22,0.0,737492
2020-03-09,1,4,12,71,75,0.0,3.0,0.0,0.0,0.0,0.0,3.0,--,--,0,0,13,0.07692307692307693,737493
2020-03-10,1,5,18,89,94,0.0,3.0,0.0,0.0,0.0,0.0,3.0,--,--,0,0,19,0.05263157894736842,737494
2020-03-11,0,5,31,120,125,1.0,4.0,0.0,0.0,0.0,0.0,4.0,--,--,0,0,31,0.0,737495
2020-03-12,8,13,42,162,175,1.0,5.0,0.0,0.0,0.0,0.0,5.0,--,--,0,0,50,0.16,737496
2020-03-13,6,19,49,211,230,4.0,9.0,1.0,1.0,0.0,0.0,8.0,--,--,0,0,55,0.10909090909090909,737497
2020-03-14,0,19,86,297,316,0.0,9.0,0.0,1.0,0.0,0.0,8.0,--,--,0,0,86,0.0,737498
2020-03-15,1,20,127,424,444,1.0,10.0,0.0,1.0,0.0,0.0,9.0,--,--,0,0,128,0.0078125,737499
2020-03-16,2,22,67,491,513,2.0,12.0,0.0,1.0,0.0,0.0,11.0,--,--,0,0,69,0.028985507246376812,737500
2020-03-17,12,34,126,617,651,6.0,18.0,0.0,1.0,0.0,0.0,17.0,--,--,0,0,138,0.08695652173913043,737501
2020-03-18,11,45,130,747,792,3.0,21.0,0.0,1.0,0.0,0.0,20.0,--,--,0,0,141,0.07801418439716312,737502
2020-03-19,16,61,248,995,1056,2.0,23.0,1.0,2.0,0.0,0.0,21.0,--,--,1,1,264,0.06060606060606061,737503
2020-03-20,13,74,191,1186,1260,5.0,28.0,0.0,2.0,0.0,0.0,26.0,--,--,0,1,204,0.06372549019607843,737504
2020-03-21,14,88,190,1376,1464,3.0,31.0,2.0,4.0,0.0,0.0,27.0,--,--,0,1,204,0.06862745098039216,737505
2020-03-22,25,113,68,1444,1557,2.0,33.0,0.0,4.0,0.0,0.0,29.0,--,--,0,1,93,0.26881720430107525,737506
2020-03-23,16,129,166,1610,1739,16.0,49.0,1.0,5.0,0.0,0.0,44.0,--,--,0,1,182,0.08791208791208792,737507
2020-03-24,19,148,166,1776,1924,7.0,56.0,0.0,5.0,0.0,0.0,51.0,--,--,0,1,185,0.10270270270270271,737508
2020-03-25,28,176,239,2015,2191,5.0,61.0,1.0,6.0,0.0,0.0,55.0,--,--,0,1,267,0.10486891385767791,737509
2020-03-26,41,217,268,2283,2500,10.0,71.0,5.0,11.0,0.0,0.0,60.0,--,--,0,1,309,0.13268608414239483,737510
2020-03-27,31,248,258,2541,2789,9.0,80.0,1.0,12.0,1.0,1.0,67.0,--,--,2,3,289,0.10726643598615918,737511
2020-03-28,64,312,299,2840,3152,13.0,93.0,3.0,15.0,2.0,3.0,75.0,--,--,1,4,363,0.1763085399449036,737512
2020-03-29,105,417,347,3187,3604,8.0,101.0,4.0,19.0,1.0,4.0,78.0,--,--,2,6,452,0.2323008849557522,737513
2020-03-30,78,495,289,3476,3971,20.0,121.0,5.0,24.0,0.0,4.0,93.0,--,--,3,9,367,0.2125340599455041,737514
2020-03-31,73,568,355,3831,4399,11.0,132.0,7.0,31.0,1.0,5.0,96.0,--,--,2,11,428,0.1705607476635514,737515
2020-04-01,101,669,581,4412,5081,18.0,150.0,7.0,38.0,0.0,5.0,107.0,--,--,1,12,682,0.14809384164222875,737516
2020-04-02,63,732,445,4857,5589,21.0,171.0,6.0,44.0,2.0,7.0,120.0,--,--,4,16,508,0.12401574803149606,737517
2020-04-03,100,832,727,5584,6416,23.0,194.0,7.0,51.0,0.0,7.0,136.0,--,--,3,19,827,0.12091898428053205,737518
2020-04-04,138,970,677,6261,7231,21.0,215.0,4.0,55.0,5.0,12.0,148.0,--,--,9,28,815,0.16932515337423312,737519
2020-04-05,183,1153,1140,7401,8554,20.0,235.0,9.0,64.0,1.0,13.0,158.0,45,37,2,30,1323,0.1383219954648526,737520
2020-04-06,207,1360,1664,9065,10425,26.0,261.0,7.0,71.0,0.0,13.0,177.0,45,38,7,37,1871,0.11063602351683592,737521
2020-04-07,261,1621,1619,10684,12305,20.0,281.0,3.0,74.0,2.0,15.0,192.0,45,35,5,42,1880,0.13882978723404255,737522
2020-04-08,274,1895,1599,12283,14178,19.0,300.0,8.0,82.0,6.0,21.0,197.0,50,36,9,51,1873,0.14628937533368927,737523
2020-04-09,278,2173,1526,13809,15982,32.0,332.0,9.0,91.0,4.0,25.0,216.0,50,38,7,58,1804,0.1541019955654102,737524
2020-04-10,405,2578,2441,16250,18828,29.0,361.0,17.0,108.0,5.0,30.0,223.0,48,36,10,68,2846,0.14230498945888967,737525
2020-04-11,279,2857,1827,18077,20934,29.0,390.0,11.0,119.0,2.0,32.0,239.0,49,40,11,79,2106,0.13247863247863248,737526
2020-04-12,288,3145,1572,19649,22794,35.0,425.0,13.0,132.0,5.0,37.0,256.0,54,44,10,89,1860,0.15483870967741936,737527
2020-04-13,186,3331,1026,20675,24006,35.0,460.0,13.0,145.0,3.0,40.0,275.0,61,43,9,98,1212,0.15346534653465346,737528
2020-04-14,267,3598,1784,22459,26057,27.0,487.0,16.0,161.0,5.0,45.0,281.0,62,43,8,106,2051,0.13018039980497317,737529
2020-04-15,307,3905,1767,24226,28131,31.0,518.0,19.0,180.0,3.0,48.0,290.0,67,43,17,123,2074,0.14802314368370298,737530
2020-04-16,392,4297,2358,26584,30881,37.0,555.0,25.0,205.0,6.0,54.0,296.0,70,43,13,136,2750,0.14254545454545456,737531
2020-04-17,290,4587,1751,28335,32922,31.0,586.0,21.0,226.0,7.0,61.0,299.0,62,45,21,157,2041,0.14208721215090642,737532
2020-04-18,284,4871,1658,29993,34864,26.0,612.0,18.0,244.0,4.0,65.0,303.0,67,43,14,171,1942,0.1462409886714727,737533
2020-04-19,339,5210,1997,31990,37200,24.0,636.0,26.0,270.0,1.0,66.0,300.0,71,44,11,182,2336,0.14511986301369864,737534
2020-04-20,381,5591,1843,33833,39424,46.0,682.0,29.0,299.0,2.0,68.0,315.0,72,45,10,192,2224,0.17131294964028776,737535
2020-04-21,388,5979,2048,35881,41860,45.0,727.0,31.0,330.0,5.0,73.0,324.0,77,48,16,208,2436,0.1592775041050903,737536
2020-04-22,383,6362,2282,38163,44525,41.0,768.0,32.0,362.0,5.0,78.0,328.0,77,52,14,222,2665,0.14371482176360226,737537
2020-04-23,422,6784,2395,40558,47342,31.0,799.0,28.0,390.0,5.0,83.0,326.0,78,53,13,235,2817,0.14980475683351083,737538
2020-04-24,416,7200,3204,43762,50962,35.0,834.0,27.0,417.0,4.0,87.0,330.0,81,56,12,247,3620,0.11491712707182321,737539
2020-04-25,306,7506,2202,45964,53470,34.0,868.0,17.0,434.0,5.0,92.0,342.0,84,55,13,260,2508,0.12200956937799043,737540
2020-04-26,276,7782,2213,48177,55959,33.0,901.0,15.0,449.0,3.0,95.0,357.0,80,55,12,272,2489,0.11088790678987545,737541
2020-04-27,204,7986,1590,49767,57753,29.0,930.0,21.0,470.0,4.0,99.0,361.0,98,62,9,281,1794,0.11371237458193979,737542
2020-04-28,328,8314,2151,51918,60232,43.0,973.0,24.0,494.0,3.0,102.0,377.0,76,51,21,302,2479,0.13231141589350545,737543
2020-04-29,373,8687,3171,55089,63776,35.0,1008.0,38.0,532.0,11.0,113.0,363.0,80,54,18,320,3544,0.10524830699774267,737544
2020-04-30,350,9037,2597,57686,66723,33.0,1041.0,38.0,570.0,6.0,119.0,352.0,83,59,22,342,2947,0.1187648456057007,737545
2020-05-01,315,9352,3073,60759,70111,51.0,1092.0,40.0,610.0,3.0,122.0,360.0,84,61,11,353,3388,0.09297520661157024,737546
2020-05-02,189,9541,1915,62674,72215,36.0,1128.0,38.0,648.0,5.0,127.0,353.0,89,62,24,377,2104,0.08982889733840305,737547
2020-05-03,182,9723,2153,64827,74550,31.0,1159.0,27.0,675.0,8.0,135.0,349.0,86,60,17,394,2335,0.07794432548179872,737548
2020-05-04,291,10014,2079,66906,76920,30.0,1189.0,31.0,706.0,5.0,140.0,343.0,82,56,17,411,2370,0.12278481012658228,737549
2020-05-05,303,10317,2851,69757,80074,28.0,1217.0,32.0,738.0,6.0,146.0,333.0,71,52,16,427,3154,0.09606848446417247,737550
2020-05-06,343,10660,2827,72584,83244,28.0,1245.0,44.0,782.0,9.0,155.0,308.0,77,56,19,446,3170,0.1082018927444795,737551
2020-05-07,271,10931,2886,75470,86401,35.0,1280.0,42.0,824.0,5.0,160.0,296.0,70,52,18,464,3157,0.08584098828001267,737552
2020-05-08,234,11165,2482,77952,89117,29.0,1309.0,29.0,853.0,4.0,164.0,292.0,73,52,19,483,2716,0.0861561119293078,737553
2020-05-09,288,11453,3280,81232,92685,22.0,1331.0,21.0,874.0,4.0,168.0,289.0,72,53,13,496,3568,0.08071748878923767,737554
2020-05-10,188,11641,2077,83309,94950,20.0,1351.0,23.0,897.0,6.0,174.0,280.0,68,48,13,509,2265,0.08300220750551876,737555
2020-05-11,174,11815,1791,85100,96915,31.0,1382.0,16.0,913.0,5.0,179.0,290.0,65,42,13,522,1965,0.08854961832061069,737556
2020-05-12,220,12035,2421,87521,99556,23.0,1405.0,18.0,931.0,4.0,183.0,291.0,63,41,21,543,2641,0.08330177962892843,737557
2020-05-13,198,12233,3509,91030,103263,22.0,1427.0,24.0,955.0,1.0,184.0,288.0,66,44,12,555,3707,0.05341246290801187,737558
2020-05-14,218,12451,3269,94299,106750,19.0,1446.0,27.0,982.0,3.0,187.0,277.0,64,45,14,569,3487,0.06251792371666189,737559
2020-05-15,226,12677,3432,97731,110408,24.0,1470.0,41.0,1023.0,5.0,192.0,255.0,62,46,13,582,3658,0.06178239475123018,737560
2020-05-16,251,12928,4001,101732,114660,25.0,1495.0,13.0,1036.0,5.0,197.0,262.0,59,44,12,594,4252,0.0590310442144873,737561
2020-05-17,127,13055,2779,104511,117566,17.0,1512.0,7.0,1043.0,5.0,202.0,267.0,58,45,10,604,2906,0.04370268410185822,737562
2020-05-18,138,13193,1890,106401,119594,19.0,1531.0,15.0,1058.0,5.0,207.0,266.0,56,41,18,622,2028,0.06804733727810651,737563
2020-05-19,215,13408,3082,109483,122891,22.0,1553.0,31.0,1089.0,5.0,212.0,252.0,56,40,10,632,3297,0.06521079769487413,737564
2020-05-20,190,13598,2734,112217,125815,19.0,1572.0,23.0,1112.0,7.0,219.0,241.0,51,34,21,653,2924,0.06497948016415869,737565
2020-05-21,169,13767,3795,116012,129779,26.0,1598.0,15.0,1127.0,3.0,222.0,249.0,49,32,19,672,3964,0.04263370332996973,737566
2020-05-22,200,13967,2942,118954,132921,19.0,1617.0,29.0,1156.0,5.0,227.0,234.0,--,--,7,679,3142,0.06365372374283895,737567
2020-05-23,107,14074,2703,121657,135731,19.0,1636.0,11.0,1167.0,3.0,230.0,239.0,50,36,12,691,2810,0.03807829181494662,737568
2020-05-24,87,14161,1333,122990,137151,12.0,1648.0,14.0,1181.0,2.0,232.0,235.0,49,35,8,699,1420,0.06126760563380282,737569
2020-05-25,68,14229,1330,124320,138549,12.0,1660.0,13.0,1194.0,0.0,232.0,234.0,53,36,8,707,1398,0.04864091559370529,737570
2020-05-26,156,14385,2489,126809,141194,23.0,1683.0,22.0,1216.0,5.0,237.0,230.0,47,33,15,722,2645,0.05897920604914934,737571
2020-05-27,135,14520,2090,128899,143419,20.0,1703.0,17.0,1233.0,3.0,240.0,230.0,50,32,9,731,2225,0.060674157303370786,737572
2020-05-28,132,14652,3232,132131,146783,16.0,1719.0,29.0,1262.0,4.0,244.0,213.0,46,29,7,738,3364,0.039239001189060645,737573
2020-05-29,177,14829,3859,135990,150819,18.0,1737.0,27.0,1289.0,5.0,249.0,199.0,46,29,11,749,4036,0.043855302279484636,737574
2020-05-30,104,14933,4104,140094,155027,15.0,1752.0,19.0,1308.0,4.0,253.0,191.0,48,31,10,759,4208,0.024714828897338403,737575
2020-05-31,75,15008,2273,142367,157375,10.0,1762.0,9.0,1317.0,0.0,253.0,192.0,44,30,3,762,2348,0.031942078364565585,737576
2020-06-01,99,15107,2663,145030,160137,8.0,1770.0,12.0,1329.0,1.0,254.0,187.0,42,29,3,765,2762,0.035843591600289645,737577
2020-06-02,111,15218,2974,148004,163222,8.0,1778.0,9.0,1338.0,3.0,257.0,183.0,37,23,10,775,3085,0.035980551053484605,737578
2020-06-03,101,15319,3366,151370,166689,13.0,1791.0,18.0,1356.0,6.0,263.0,172.0,--,--,10,785,3467,0.02913181424862994,737579
2020-06-04,114,15433,4456,155826,171259,6.0,1797.0,25.0,1381.0,3.0,266.0,150.0,--,--,10,795,4570,0.024945295404814005,737580
2020-06-05,103,15536,3794,159620,175156,13.0,1810.0,12.0,1393.0,5.0,271.0,146.0,28,20,6,801,3897,0.026430587631511418,737581
2020-06-06,66,15602,2569,162189,177791,8.0,1818.0,7.0,1400.0,2.0,273.0,145.0,31,19,4,805,2635,0.025047438330170778,737582
2020-06-07,49,15651,1539,163728,179379,10.0,1828.0,6.0,1406.0,1.0,274.0,148.0,27,16,4,809,1588,0.030856423173803528,737583
2020-06-08,39,15690,1665,165393,181083,,,,,,,,,,3,812,1704,0.022887323943661973,737584
2020-06-09,66,15756,2473,167866,183622,,,,,,,,,,0,812,2539,0.02599448601811737,737585
