date,new positive labs,total positive labs,new negative labs,total negative labs,total tested,new hospital admissions,cumulative hospital admissions,new hospital discharges,cumulative hospital discharges,hospital deaths,cumulative hospital deaths,currently hospitalized,icu,vented,deaths,total deaths,date_scraped
2/27/2020,0,0,0,0,0,1,1,0,0,0,0,1,,,0,0,5/10/2020
2/28/2020,0,0,0,0,0,0,1,0,0,0,0,1,,,0,0,5/10/2020
2/29/2020,1,1,0,0,1,0,1,0,0,0,0,1,,,0,0,5/10/2020
3/1/2020,1,2,0,0,2,0,1,0,0,0,0,1,,,0,0,5/10/2020
3/2/2020,0,2,1,1,3,1,2,0,0,0,0,2,,,0,0,5/10/2020
3/3/2020,0,2,2,3,5,0,2,0,0,0,0,2,,,0,0,5/10/2020
3/4/2020,0,2,4,7,9,1,3,0,0,0,0,3,,,0,0,5/10/2020
3/5/2020,1,3,5,12,15,0,3,0,0,0,0,3,,,0,0,5/10/2020
3/6/2020,0,3,12,24,27,0,3,0,0,0,0,3,,,0,0,5/10/2020
3/7/2020,0,3,13,37,40,0,3,0,0,0,0,3,,,0,0,5/10/2020
3/8/2020,0,3,22,59,62,0,3,0,0,0,0,3,,,0,0,5/10/2020
3/9/2020,2,5,12,71,76,0,3,0,0,0,0,3,,,0,0,5/10/2020
3/10/2020,0,5,18,89,94,0,3,0,0,0,0,3,,,0,0,5/10/2020
3/11/2020,0,5,31,120,125,1,4,0,0,0,0,4,,,0,0,5/10/2020
3/12/2020,9,14,42,162,176,1,5,0,0,0,0,5,,,0,0,5/10/2020
3/13/2020,6,20,49,211,231,4,9,1,1,0,0,8,,,0,0,5/10/2020
3/14/2020,0,20,86,297,317,0,9,0,1,0,0,8,,,0,0,5/10/2020
3/15/2020,1,21,127,424,445,1,10,0,1,0,0,9,,,0,0,5/10/2020
3/16/2020,2,23,67,491,514,2,12,0,1,0,0,11,,,0,0,5/10/2020
3/17/2020,10,33,126,617,650,6,18,0,1,0,0,17,,,0,0,5/10/2020
3/18/2020,11,44,130,747,791,3,21,0,1,0,0,20,,,0,0,5/10/2020
3/19/2020,10,54,248,995,1049,2,23,1,2,0,0,21,,,1,1,5/10/2020
3/20/2020,12,66,191,1186,1252,5,28,0,2,0,0,26,,,0,1,5/10/2020
3/21/2020,17,83,190,1376,1459,3,31,2,4,0,0,27,,,0,1,5/10/2020
3/22/2020,23,106,68,1444,1550,2,33,0,4,0,0,29,,,0,1,5/10/2020
3/23/2020,18,124,166,1610,1734,16,49,1,5,0,0,44,,,0,1,5/10/2020
3/24/2020,8,132,166,1776,1908,7,56,0,5,0,0,51,,,0,1,5/10/2020
3/25/2020,33,165,239,2015,2180,5,61,1,6,0,0,55,,,0,1,5/10/2020
3/26/2020,38,203,268,2283,2486,9,70,5,11,0,0,59,,,0,1,5/10/2020
3/27/2020,36,239,258,2541,2780,8,78,1,12,1,1,65,,,2,3,5/10/2020
3/28/2020,54,293,299,2840,3133,13,91,2,14,1,2,75,,,1,4,5/10/2020
3/29/2020,108,401,347,3187,3588,8,99,4,18,1,3,78,,,2,6,5/10/2020
3/30/2020,87,488,289,3476,3964,19,118,6,24,0,3,91,,,3,9,5/10/2020
3/31/2020,79,567,355,3831,4398,11,129,7,31,1,4,94,,,2,11,5/10/2020
4/1/2020,91,658,581,4412,5070,18,147,7,38,0,4,105,,,1,12,5/10/2020
4/2/2020,53,711,445,4857,5568,21,168,6,44,2,6,118,,,4,16,5/10/2020
4/3/2020,95,806,727,5584,6390,23,191,7,51,0,6,134,,,3,19,5/10/2020
4/4/2020,116,922,677,6261,7183,21,212,4,55,5,11,146,,,9,28,5/10/2020
4/5/2020,160,1082,1140,7401,8483,20,232,9,64,1,12,156,,,2,30,5/10/2020
4/6/2020,148,1230,1664,9065,10295,26,258,7,71,0,12,175,,,5,35,5/10/2020
4/7/2020,220,1450,1619,10684,12134,19,277,4,75,2,14,188,,,5,40,5/10/2020
4/8/2020,277,1727,1599,12283,14010,18,295,8,83,6,20,192,,,7,47,5/10/2020
4/9/2020,285,2012,1526,13809,15821,32,327,8,91,4,24,212,,,6,53,5/10/2020
4/10/2020,331,2343,2441,16250,18593,29,356,17,108,5,29,219,,,10,63,5/10/2020
4/11/2020,313,2656,1827,18077,20733,29,385,11,119,2,31,235,,,11,74,5/10/2020
4/12/2020,310,2966,1572,19649,22615,34,419,13,132,5,36,251,,,10,84,5/10/2020
4/13/2020,270,3236,1026,20675,23911,36,455,13,145,3,39,271,,,9,93,5/10/2020
4/14/2020,271,3507,1784,22459,25966,27,482,16,161,5,44,277,,,7,100,5/10/2020
4/15/2020,307,3814,1767,24226,28040,30,512,19,180,3,47,285,,,17,117,5/10/2020
4/16/2020,363,4177,2358,26584,30761,37,549,25,205,6,53,291,,,13,130,5/10/2020
4/17/2020,302,4479,1751,28335,32814,31,580,20,225,7,60,295,,,21,151,5/10/2020
4/18/2020,276,4755,1658,29993,34748,27,607,18,243,4,64,300,,,14,165,5/10/2020
4/19/2020,343,5098,1997,31990,37088,24,631,25,268,1,65,298,,,11,176,5/10/2020
4/20/2020,369,5467,1843,33833,39300,46,677,30,298,3,68,311,,,11,187,5/10/2020
4/21/2020,378,5845,2048,35881,41726,44,721,31,329,5,73,319,,,15,202,5/10/2020
4/22/2020,417,6262,2282,38163,44425,40,761,32,361,5,78,322,,,13,215,5/10/2020
4/23/2020,437,6699,2395,40558,47257,31,792,28,389,5,83,320,,,12,227,5/10/2020
4/24/2020,430,7129,3204,43762,50891,35,827,27,416,4,87,324,,,9,236,5/10/2020
4/25/2020,310,7439,2202,45964,53403,34,861,17,433,5,92,336,,,11,247,5/10/2020
4/26/2020,269,7708,2213,48177,55885,31,892,14,447,3,95,350,,,9,256,5/10/2020
4/27/2020,218,7926,1590,49767,57693,29,921,21,468,4,99,354,,,8,264,5/10/2020
4/28/2020,321,8247,2151,51918,60165,41,962,23,491,3,102,369,,,16,280,5/10/2020
4/29/2020,374,8621,3171,55089,63710,30,992,38,529,11,113,350,,,9,289,5/10/2020
4/30/2020,341,8962,2597,57686,66648,33,1025,36,565,5,118,342,,,17,306,5/10/2020
5/1/2020,327,9289,2953,60639,69928,50,1075,39,604,3,121,350,,,6,312,5/10/2020
5/2/2020,188,9477,1811,62450,71927,31,1106,37,641,5,126,339,,,22,334,5/10/2020
5/3/2020,175,9652,2034,64484,74136,31,1137,27,668,8,134,335,,,16,350,5/10/2020
5/4/2020,281,9933,2018,66502,76435,28,1165,30,698,5,139,328,,,16,366,5/10/2020
5/5/2020,272,10205,2666,69168,79373,26,1191,32,730,6,145,316,,,15,381,5/10/2020
5/6/2020,325,10530,2620,71788,82318,28,1219,42,772,9,154,293,,,15,396,5/10/2020
5/7/2020,249,10779,2699,74487,85266,32,1251,37,809,5,159,283,,,13,409,5/10/2020
5/8/2020,210,10989,2339,76826,87815,,,,,,,,,,9,418,5/10/2020
5/9/2020,285,11274,3113,79939,91213,,,,,,,,,,4,422,5/10/2020
2/27/2020,0,0,0,0,0,1,1,0,0,0,0,1,,,0,0,5/17/2020
2/28/2020,0,0,0,0,0,0,1,0,0,0,0,1,,,0,0,5/17/2020
2/29/2020,1,1,0,0,1,0,1,0,0,0,0,1,,,0,0,5/17/2020
3/1/2020,1,2,0,0,2,0,1,0,0,0,0,1,,,0,0,5/17/2020
3/2/2020,0,2,1,1,3,1,2,0,0,0,0,2,,,0,0,5/17/2020
3/3/2020,0,2,2,3,5,0,2,0,0,0,0,2,,,0,0,5/17/2020
3/4/2020,0,2,4,7,9,1,3,0,0,0,0,3,,,0,0,5/17/2020
3/5/2020,1,3,5,12,15,0,3,0,0,0,0,3,,,0,0,5/17/2020
3/6/2020,0,3,12,24,27,0,3,0,0,0,0,3,,,0,0,5/17/2020
3/7/2020,0,3,13,37,40,0,3,0,0,0,0,3,,,0,0,5/17/2020
3/8/2020,0,3,22,59,62,0,3,0,0,0,0,3,,,0,0,5/17/2020
3/9/2020,2,5,12,71,76,0,3,0,0,0,0,3,,,0,0,5/17/2020
3/10/2020,0,5,18,89,94,0,3,0,0,0,0,3,,,0,0,5/17/2020
3/11/2020,0,5,31,120,125,1,4,0,0,0,0,4,,,0,0,5/17/2020
3/12/2020,9,14,42,162,176,1,5,0,0,0,0,5,,,0,0,5/17/2020
3/13/2020,6,20,49,211,231,4,9,1,1,0,0,8,,,0,0,5/17/2020
3/14/2020,0,20,86,297,317,0,9,0,1,0,0,8,,,0,0,5/17/2020
3/15/2020,1,21,127,424,445,1,10,0,1,0,0,9,,,0,0,5/17/2020
3/16/2020,2,23,67,491,514,2,12,0,1,0,0,11,,,0,0,5/17/2020
3/17/2020,10,33,126,617,650,6,18,0,1,0,0,17,,,0,0,5/17/2020
3/18/2020,11,44,130,747,791,3,21,0,1,0,0,20,,,0,0,5/17/2020
3/19/2020,10,54,248,995,1049,2,23,1,2,0,0,21,,,1,1,5/17/2020
3/20/2020,12,66,191,1186,1252,5,28,0,2,0,0,26,,,0,1,5/17/2020
3/21/2020,17,83,190,1376,1459,3,31,2,4,0,0,27,,,0,1,5/17/2020
3/22/2020,23,106,68,1444,1550,2,33,0,4,0,0,29,,,0,1,5/17/2020
3/23/2020,18,124,166,1610,1734,16,49,1,5,0,0,44,,,0,1,5/17/2020
3/24/2020,8,132,166,1776,1908,7,56,0,5,0,0,51,,,0,1,5/17/2020
3/25/2020,33,165,239,2015,2180,5,61,1,6,0,0,55,,,0,1,5/17/2020
3/26/2020,38,203,268,2283,2486,9,70,5,11,0,0,59,,,0,1,5/17/2020
3/27/2020,36,239,258,2541,2780,8,78,1,12,1,1,65,,,2,3,5/17/2020
3/28/2020,54,293,299,2840,3133,13,91,2,14,1,2,75,,,1,4,5/17/2020
3/29/2020,108,401,347,3187,3588,8,99,4,18,1,3,78,,,2,6,5/17/2020
3/30/2020,87,488,289,3476,3964,19,118,6,24,0,3,91,,,3,9,5/17/2020
3/31/2020,79,567,355,3831,4398,11,129,7,31,1,4,94,,,2,11,5/17/2020
4/1/2020,91,658,581,4412,5070,18,147,7,38,0,4,105,,,1,12,5/17/2020
4/2/2020,53,711,445,4857,5568,21,168,6,44,2,6,118,,,4,16,5/17/2020
4/3/2020,95,806,727,5584,6390,23,191,7,51,0,6,134,,,3,19,5/17/2020
4/4/2020,116,922,677,6261,7183,21,212,4,55,5,11,146,,,9,28,5/17/2020
4/5/2020,160,1082,1140,7401,8483,20,232,9,64,1,12,156,,,2,30,5/17/2020
4/6/2020,148,1230,1664,9065,10295,26,258,7,71,0,12,175,,,5,35,5/17/2020
4/7/2020,220,1450,1619,10684,12134,20,278,4,75,2,14,189,,,5,40,5/17/2020
4/8/2020,277,1727,1599,12283,14010,18,296,8,83,6,20,193,,,7,47,5/17/2020
4/9/2020,285,2012,1526,13809,15821,32,328,8,91,4,24,213,,,6,53,5/17/2020
4/10/2020,331,2343,2441,16250,18593,29,357,17,108,5,29,220,,,10,63,5/17/2020
4/11/2020,313,2656,1827,18077,20733,29,386,11,119,2,31,236,,,11,74,5/17/2020
4/12/2020,310,2966,1572,19649,22615,34,420,13,132,5,36,252,,,10,84,5/17/2020
4/13/2020,270,3236,1026,20675,23911,36,456,13,145,3,39,272,,,9,93,5/17/2020
4/14/2020,271,3507,1784,22459,25966,27,483,16,161,5,44,278,,,7,100,5/17/2020
4/15/2020,307,3814,1767,24226,28040,30,513,19,180,3,47,286,,,17,117,5/17/2020
4/16/2020,363,4177,2358,26584,30761,37,550,25,205,6,53,292,,,13,130,5/17/2020
4/17/2020,302,4479,1751,28335,32814,31,581,20,225,7,60,296,,,21,151,5/17/2020
4/18/2020,276,4755,1658,29993,34748,27,608,18,243,4,64,301,,,14,165,5/17/2020
4/19/2020,343,5098,1997,31990,37088,24,632,26,269,1,65,298,,,11,176,5/17/2020
4/20/2020,369,5467,1843,33833,39300,46,678,30,299,3,68,311,,,11,187,5/17/2020
4/21/2020,378,5845,2048,35881,41726,45,723,31,330,5,73,320,,,15,202,5/17/2020
4/22/2020,417,6262,2282,38163,44425,41,764,32,362,5,78,324,,,13,215,5/17/2020
4/23/2020,437,6699,2395,40558,47257,31,795,28,390,5,83,322,,,12,227,5/17/2020
4/24/2020,430,7129,3204,43762,50891,35,830,27,417,4,87,326,,,9,236,5/17/2020
4/25/2020,310,7439,2202,45964,53403,34,864,17,434,5,92,338,,,11,247,5/17/2020
4/26/2020,269,7708,2213,48177,55885,33,897,15,449,3,95,353,,,9,256,5/17/2020
4/27/2020,218,7926,1590,49767,57693,29,926,21,470,4,99,357,,,8,264,5/17/2020
4/28/2020,321,8247,2151,51918,60165,43,969,24,494,3,102,373,,,16,280,5/17/2020
4/29/2020,374,8621,3171,55089,63710,32,1001,38,532,11,113,356,,,10,290,5/17/2020
4/30/2020,341,8962,2597,57686,66648,33,1034,37,569,5,118,347,,,17,307,5/17/2020
5/1/2020,327,9289,2953,60639,69928,51,1085,39,608,3,121,356,,,7,314,5/17/2020
5/2/2020,188,9477,1811,62450,71927,33,1118,39,647,5,126,345,,,23,337,5/17/2020
5/3/2020,175,9652,2034,64484,74136,31,1149,27,674,8,134,341,,,16,353,5/17/2020
5/4/2020,281,9933,2018,66502,76435,29,1178,31,705,5,139,334,,,16,369,5/17/2020
5/5/2020,272,10205,2666,69168,79373,27,1205,32,737,6,145,323,,,15,384,5/17/2020
5/6/2020,325,10530,2620,71788,82318,28,1233,43,780,9,154,299,,,16,400,5/17/2020
5/7/2020,249,10779,2699,74487,85266,35,1268,39,819,5,159,290,,,14,414,5/17/2020
5/8/2020,210,10989,2339,76826,87815,28,1296,29,848,4,163,285,,,11,425,5/17/2020
5/9/2020,285,11274,3113,79939,91213,22,1318,21,869,4,167,282,,,11,436,5/17/2020
5/10/2020,176,11450,1943,81882,93332,19,1337,22,891,6,173,273,,,9,445,5/17/2020
5/11/2020,164,11614,1743,83625,95239,28,1365,16,907,5,178,280,,,10,455,5/17/2020
5/12/2020,221,11835,2462,86087,97922,21,1386,17,924,4,182,280,,,16,471,5/17/2020
5/13/2020,181,12016,3498,89585,101601,18,1404,23,947,1,183,274,,,6,477,5/17/2020
5/14/2020,203,12219,3174,92759,104978,14,1418,25,972,3,186,260,,,9,486,5/17/2020
5/15/2020,215,12434,3287,96046,108480,,,,,,,,,,10,496,5/17/2020
5/16/2020,240,12674,3830,99876,112550,,,,,,,,,,3,499,5/17/2020
2/27/2020,0,0,0,0,0,1,1,0,0,0,0,1,,,0,0,5/21/2020
2/28/2020,0,0,0,0,0,0,1,0,0,0,0,1,,,0,0,5/21/2020
2/29/2020,1,1,0,0,1,0,1,0,0,0,0,1,,,0,0,5/21/2020
3/1/2020,1,2,0,0,2,0,1,0,0,0,0,1,,,0,0,5/21/2020
3/2/2020,0,2,1,1,3,1,2,0,0,0,0,2,,,0,0,5/21/2020
3/3/2020,0,2,2,3,5,0,2,0,0,0,0,2,,,0,0,5/21/2020
3/4/2020,0,2,4,7,9,1,3,0,0,0,0,3,,,0,0,5/21/2020
3/5/2020,1,3,5,12,15,0,3,0,0,0,0,3,,,0,0,5/21/2020
3/6/2020,0,3,12,24,27,0,3,0,0,0,0,3,,,0,0,5/21/2020
3/7/2020,0,3,13,37,40,0,3,0,0,0,0,3,,,0,0,5/21/2020
3/8/2020,0,3,22,59,62,0,3,0,0,0,0,3,,,0,0,5/21/2020
3/9/2020,2,5,12,71,76,0,3,0,0,0,0,3,,,0,0,5/21/2020
3/10/2020,0,5,18,89,94,0,3,0,0,0,0,3,,,0,0,5/21/2020
3/11/2020,0,5,31,120,125,1,4,0,0,0,0,4,,,0,0,5/21/2020
3/12/2020,9,14,42,162,176,1,5,0,0,0,0,5,,,0,0,5/21/2020
3/13/2020,6,20,49,211,231,4,9,1,1,0,0,8,,,0,0,5/21/2020
3/14/2020,0,20,86,297,317,0,9,0,1,0,0,8,,,0,0,5/21/2020
3/15/2020,1,21,127,424,445,1,10,0,1,0,0,9,,,0,0,5/21/2020
3/16/2020,2,23,67,491,514,2,12,0,1,0,0,11,,,0,0,5/21/2020
3/17/2020,11,34,126,617,651,6,18,0,1,0,0,17,,,0,0,5/21/2020
3/18/2020,13,47,130,747,794,3,21,0,1,0,0,20,,,0,0,5/21/2020
3/19/2020,12,59,248,995,1054,2,23,1,2,0,0,21,,,1,1,5/21/2020
3/20/2020,14,73,191,1186,1259,5,28,0,2,0,0,26,,,0,1,5/21/2020
3/21/2020,17,90,190,1376,1466,3,31,2,4,0,0,27,,,0,1,5/21/2020
3/22/2020,24,114,68,1444,1558,2,33,0,4,0,0,29,,,0,1,5/21/2020
3/23/2020,18,132,166,1610,1742,16,49,1,5,0,0,44,,,0,1,5/21/2020
3/24/2020,18,150,166,1776,1926,7,56,0,5,0,0,51,,,0,1,5/21/2020
3/25/2020,33,183,239,2015,2198,5,61,1,6,0,0,55,,,0,1,5/21/2020
3/26/2020,37,220,268,2283,2503,9,70,5,11,0,0,59,,,0,1,5/21/2020
3/27/2020,36,256,258,2541,2797,8,78,1,12,1,1,65,,,2,3,5/21/2020
3/28/2020,59,315,299,2840,3155,13,91,2,14,1,2,75,,,1,4,5/21/2020
3/29/2020,110,425,347,3187,3612,8,99,4,18,1,3,78,,,2,6,5/21/2020
3/30/2020,85,510,289,3476,3986,19,118,6,24,0,3,91,,,3,9,5/21/2020
3/31/2020,75,585,355,3831,4416,11,129,7,31,1,4,94,,,2,11,5/21/2020
4/1/2020,104,689,581,4412,5101,18,147,7,38,0,4,105,,,1,12,5/21/2020
4/2/2020,44,733,445,4857,5590,21,168,6,44,2,6,118,,,4,16,5/21/2020
4/3/2020,121,854,727,5584,6438,23,191,7,51,0,6,134,,,3,19,5/21/2020
4/4/2020,150,1004,677,6261,7265,21,212,4,55,5,11,146,,,9,28,5/21/2020
4/5/2020,166,1170,1140,7401,8571,20,232,9,64,1,12,156,,,2,30,5/21/2020
4/6/2020,181,1351,1664,9065,10416,26,258,7,71,0,12,175,,,5,35,5/21/2020
4/7/2020,256,1607,1619,10684,12291,20,278,4,75,2,14,189,,,5,40,5/21/2020
4/8/2020,286,1893,1599,12283,14176,18,296,8,83,6,20,193,,,7,47,5/21/2020
4/9/2020,266,2159,1526,13809,15968,32,328,8,91,4,24,213,,,6,53,5/21/2020
4/10/2020,410,2569,2441,16250,18819,29,357,17,108,5,29,220,,,10,63,5/21/2020
4/11/2020,298,2867,1827,18077,20944,29,386,11,119,2,31,236,,,11,74,5/21/2020
4/12/2020,293,3160,1572,19649,22809,34,420,13,132,5,36,252,,,10,84,5/21/2020
4/13/2020,177,3337,1026,20675,24012,36,456,13,145,3,39,272,,,9,93,5/21/2020
4/14/2020,270,3607,1784,22459,26066,27,483,16,161,5,44,278,,,8,101,5/21/2020
4/15/2020,297,3904,1767,24226,28130,31,514,19,180,3,47,287,,,17,118,5/21/2020
4/16/2020,395,4299,2358,26584,30883,37,551,25,205,6,53,293,,,13,131,5/21/2020
4/17/2020,296,4595,1751,28335,32930,31,582,20,225,7,60,297,,,21,152,5/21/2020
4/18/2020,273,4868,1658,29993,34861,27,609,18,243,4,64,302,,,14,166,5/21/2020
4/19/2020,337,5205,1997,31990,37195,24,633,26,269,1,65,299,,,11,177,5/21/2020
4/20/2020,369,5574,1843,33833,39407,46,679,30,299,3,68,312,,,11,188,5/21/2020
4/21/2020,368,5942,2048,35881,41823,45,724,31,330,5,73,321,,,15,203,5/21/2020
4/22/2020,412,6354,2282,38163,44517,41,765,32,362,5,78,325,,,13,216,5/21/2020
4/23/2020,427,6781,2395,40558,47339,31,796,28,390,5,83,323,,,12,228,5/21/2020
4/24/2020,407,7188,3204,43762,50950,35,831,27,417,4,87,327,,,9,237,5/21/2020
4/25/2020,287,7475,2202,45964,53439,34,865,17,434,5,92,339,,,11,248,5/21/2020
4/26/2020,285,7760,2213,48177,55937,33,898,15,449,3,95,354,,,9,257,5/21/2020
4/27/2020,205,7965,1590,49767,57732,29,927,21,470,4,99,358,,,8,265,5/21/2020
4/28/2020,318,8283,2151,51918,60201,43,970,24,494,3,102,374,,,16,281,5/21/2020
4/29/2020,376,8659,3171,55089,63748,33,1003,38,532,11,113,358,,,11,292,5/21/2020
4/30/2020,346,9005,2597,57686,66691,33,1036,37,569,5,118,349,,,17,309,5/21/2020
5/1/2020,318,9323,2953,60639,69962,51,1087,39,608,3,121,358,,,7,316,5/21/2020
5/2/2020,188,9511,1811,62450,71961,34,1121,39,647,5,126,348,,,23,339,5/21/2020
5/3/2020,181,9692,2034,64484,74176,31,1152,27,674,8,134,344,,,16,355,5/21/2020
5/4/2020,288,9980,2018,66502,76482,29,1181,31,705,5,139,337,,,16,371,5/21/2020
5/5/2020,303,10283,2666,69168,79451,27,1208,32,737,6,145,326,,,15,386,5/21/2020
5/6/2020,343,10626,2620,71788,82414,28,1236,43,780,9,154,302,,,16,402,5/21/2020
5/7/2020,258,10884,2699,74487,85371,35,1271,40,820,5,159,292,,,15,417,5/21/2020
5/8/2020,231,11115,2339,76826,87941,28,1299,29,849,4,163,287,,,11,428,5/21/2020
5/9/2020,285,11400,3113,79939,91339,22,1321,21,870,4,167,284,,,11,439,5/21/2020
5/10/2020,189,11589,1943,81882,93471,19,1340,22,892,6,173,275,,,10,449,5/21/2020
5/11/2020,172,11761,1743,83625,95386,30,1370,16,908,5,178,284,,,10,459,5/21/2020
5/12/2020,216,11977,2462,86087,98064,22,1392,18,926,4,182,284,,,16,475,5/21/2020
5/13/2020,195,12172,3498,89585,101757,19,1411,23,949,1,183,279,,,10,485,5/21/2020
5/14/2020,223,12395,3174,92759,105154,15,1426,26,975,3,186,265,,,10,495,5/21/2020
5/15/2020,226,12621,3288,96047,108668,23,1449,40,1015,4,190,244,,,11,506,5/21/2020
5/16/2020,261,12882,3830,99877,112759,24,1473,11,1026,5,195,252,,,10,516,5/21/2020
5/17/2020,128,13010,2713,102590,115600,17,1490,6,1032,5,200,258,,,8,524,5/21/2020
5/18/2020,132,13142,1708,104298,117440,16,1506,15,1047,5,205,254,,,17,541,5/21/2020
5/19/2020,240,13382,2950,107248,120630,,,,,,,,,,6,547,5/21/2020
5/20/2020,189,13571,2548,109796,123367,,,,,,,,,,9,556,5/21/2020
2/27/2020,0,0,0,0,0,1,1,0,0,0,0,1,--,--,0,0,5/30/2020
2/28/2020,0,0,0,0,0,0,1,0,0,0,0,1,--,--,0,0,5/30/2020
2/29/2020,0,0,0,0,0,0,1,0,0,0,0,1,--,--,0,0,5/30/2020
3/1/2020,2,2,0,0,2,0,1,0,0,0,0,1,--,--,0,0,5/30/2020
3/2/2020,0,2,1,1,3,1,2,0,0,0,0,2,--,--,0,0,5/30/2020
3/3/2020,0,2,2,3,5,0,2,0,0,0,0,2,--,--,0,0,5/30/2020
3/4/2020,0,2,4,7,9,1,3,0,0,0,0,3,--,--,0,0,5/30/2020
3/5/2020,1,3,5,12,15,0,3,0,0,0,0,3,--,--,0,0,5/30/2020
3/6/2020,0,3,12,24,27,0,3,0,0,0,0,3,--,--,0,0,5/30/2020
3/7/2020,0,3,13,37,40,0,3,0,0,0,0,3,--,--,0,0,5/30/2020
3/8/2020,0,3,22,59,62,0,3,0,0,0,0,3,--,--,0,0,5/30/2020
3/9/2020,1,4,12,71,75,0,3,0,0,0,0,3,--,--,0,0,5/30/2020
3/10/2020,1,5,18,89,94,0,3,0,0,0,0,3,--,--,0,0,5/30/2020
3/11/2020,0,5,31,120,125,1,4,0,0,0,0,4,--,--,0,0,5/30/2020
3/12/2020,8,13,42,162,175,1,5,0,0,0,0,5,--,--,0,0,5/30/2020
3/13/2020,6,19,49,211,230,4,9,1,1,0,0,8,--,--,0,0,5/30/2020
3/14/2020,0,19,86,297,316,0,9,0,1,0,0,8,--,--,0,0,5/30/2020
3/15/2020,1,20,127,424,444,1,10,0,1,0,0,9,--,--,0,0,5/30/2020
3/16/2020,2,22,67,491,513,2,12,0,1,0,0,11,--,--,0,0,5/30/2020
3/17/2020,12,34,126,617,651,6,18,0,1,0,0,17,--,--,0,0,5/30/2020
3/18/2020,11,45,130,747,792,3,21,0,1,0,0,20,--,--,0,0,5/30/2020
3/19/2020,16,61,248,995,1056,2,23,1,2,0,0,21,--,--,1,1,5/30/2020
3/20/2020,13,74,191,1186,1260,5,28,0,2,0,0,26,--,--,0,1,5/30/2020
3/21/2020,14,88,190,1376,1464,3,31,2,4,0,0,27,--,--,0,1,5/30/2020
3/22/2020,25,113,68,1444,1557,2,33,0,4,0,0,29,--,--,0,1,5/30/2020
3/23/2020,16,129,166,1610,1739,16,49,1,5,0,0,44,--,--,0,1,5/30/2020
3/24/2020,19,148,166,1776,1924,7,56,0,5,0,0,51,--,--,0,1,5/30/2020
3/25/2020,28,176,239,2015,2191,5,61,1,6,0,0,55,--,--,0,1,5/30/2020
3/26/2020,41,217,268,2283,2500,10,71,5,11,0,0,60,--,--,0,1,5/30/2020
3/27/2020,31,248,258,2541,2789,8,79,1,12,1,1,66,--,--,2,3,5/30/2020
3/28/2020,63,311,299,2840,3151,13,92,3,15,1,2,75,--,--,1,4,5/30/2020
3/29/2020,105,416,347,3187,3603,8,100,4,19,1,3,78,--,--,2,6,5/30/2020
3/30/2020,77,493,289,3476,3969,20,120,5,24,0,3,93,--,--,3,9,5/30/2020
3/31/2020,73,566,355,3831,4397,11,131,7,31,1,4,96,--,--,2,11,5/30/2020
4/1/2020,101,667,581,4412,5079,18,149,7,38,0,4,107,--,--,1,12,5/30/2020
4/2/2020,62,729,445,4857,5586,21,170,6,44,2,6,120,--,--,4,16,5/30/2020
4/3/2020,99,828,727,5584,6412,23,193,7,51,0,6,136,--,--,3,19,5/30/2020
4/4/2020,137,965,677,6261,7226,21,214,4,55,5,11,148,--,--,9,28,5/30/2020
4/5/2020,183,1148,1140,7401,8549,20,234,9,64,1,12,158,45,37,2,30,5/30/2020
4/6/2020,207,1355,1664,9065,10420,26,260,7,71,0,12,177,45,38,5,35,5/30/2020
4/7/2020,260,1615,1619,10684,12299,20,280,3,74,2,14,192,45,35,5,40,5/30/2020
4/8/2020,274,1889,1599,12283,14172,19,299,8,82,6,20,197,50,36,9,49,5/30/2020
4/9/2020,278,2167,1526,13809,15976,32,331,9,91,4,24,216,50,38,8,57,5/30/2020
4/10/2020,406,2573,2441,16250,18823,29,360,17,108,5,29,223,48,36,10,67,5/30/2020
4/11/2020,280,2853,1827,18077,20930,29,389,11,119,2,31,239,49,40,11,78,5/30/2020
4/12/2020,288,3141,1572,19649,22790,34,423,13,132,5,36,255,54,44,10,88,5/30/2020
4/13/2020,186,3327,1026,20675,24002,36,459,13,145,3,39,275,61,43,9,97,5/30/2020
4/14/2020,267,3594,1784,22459,26053,27,486,16,161,5,44,281,62,43,8,105,5/30/2020
4/15/2020,307,3901,1767,24226,28127,31,517,19,180,3,47,290,67,43,17,122,5/30/2020
4/16/2020,392,4293,2358,26584,30877,37,554,25,205,6,53,296,70,43,13,135,5/30/2020
4/17/2020,290,4583,1751,28335,32918,31,585,20,225,7,60,300,62,45,21,156,5/30/2020
4/18/2020,283,4866,1658,29993,34859,26,611,18,243,4,64,304,67,43,14,170,5/30/2020
4/19/2020,337,5203,1997,31990,37193,24,635,26,269,1,65,301,71,44,11,181,5/30/2020
4/20/2020,380,5583,1843,33833,39416,46,681,29,298,2,67,316,72,45,10,191,5/30/2020
4/21/2020,389,5972,2048,35881,41853,45,726,31,329,5,72,325,77,48,16,207,5/30/2020
4/22/2020,383,6355,2282,38163,44518,41,767,32,361,5,77,329,77,52,13,220,5/30/2020
4/23/2020,421,6776,2395,40558,47334,31,798,28,389,5,82,327,78,53,12,232,5/30/2020
4/24/2020,415,7191,3204,43762,50953,35,833,27,416,4,86,331,81,56,11,243,5/30/2020
4/25/2020,305,7496,2202,45964,53460,34,867,17,433,5,91,343,84,55,12,255,5/30/2020
4/26/2020,275,7771,2213,48177,55948,33,900,15,448,3,94,358,80,55,11,266,5/30/2020
4/27/2020,205,7976,1590,49767,57743,29,929,21,469,4,98,362,98,62,9,275,5/30/2020
4/28/2020,329,8305,2151,51918,60223,43,972,24,493,3,101,378,76,51,20,295,5/30/2020
4/29/2020,374,8679,3171,55089,63768,34,1006,38,531,11,112,363,80,54,15,310,5/30/2020
4/30/2020,350,9029,2597,57686,66715,33,1039,38,569,6,118,352,83,59,21,331,5/30/2020
5/1/2020,315,9344,3073,60759,70103,51,1090,39,608,3,121,361,84,61,10,341,5/30/2020
5/2/2020,189,9533,1915,62674,72207,35,1125,39,647,5,126,352,89,62,22,363,5/30/2020
5/3/2020,182,9715,2153,64827,74542,31,1156,27,674,8,134,348,86,60,16,379,5/30/2020
5/4/2020,291,10006,2079,66906,76912,30,1186,31,705,5,139,342,82,56,17,396,5/30/2020
5/5/2020,304,10310,2851,69757,80067,28,1214,32,737,6,145,332,71,52,15,411,5/30/2020
5/6/2020,348,10658,2827,72584,83242,28,1242,44,781,9,154,307,77,56,19,430,5/30/2020
5/7/2020,269,10927,2886,75470,86397,35,1277,41,822,5,159,296,70,52,17,447,5/30/2020
5/8/2020,236,11163,2482,77952,89115,28,1305,29,851,4,163,291,73,52,17,464,5/30/2020
5/9/2020,283,11446,3280,81232,92678,22,1327,21,872,4,167,288,72,53,12,476,5/30/2020
5/10/2020,188,11634,2077,83309,94943,20,1347,22,894,6,173,280,68,48,13,489,5/30/2020
5/11/2020,173,11807,1791,85100,96907,30,1377,16,910,5,178,289,65,42,11,500,5/30/2020
5/12/2020,218,12025,2421,87521,99546,23,1400,18,928,4,182,290,63,41,18,518,5/30/2020
5/13/2020,195,12220,3509,91030,103250,22,1422,24,952,1,183,287,66,44,11,529,5/30/2020
5/14/2020,221,12441,3269,94299,106740,18,1440,27,979,3,186,275,64,45,12,541,5/30/2020
5/15/2020,226,12667,3432,97731,110398,24,1464,41,1020,5,191,253,62,46,12,553,5/30/2020
5/16/2020,255,12922,4001,101732,114654,25,1489,11,1031,5,196,262,59,44,12,565,5/30/2020
5/17/2020,130,13052,2779,104511,117563,17,1506,7,1038,5,201,267,58,45,10,575,5/30/2020
5/18/2020,137,13189,1890,106401,119590,18,1524,15,1053,5,206,265,56,41,17,592,5/30/2020
5/19/2020,213,13402,3082,109483,122885,22,1546,31,1084,5,211,251,56,40,9,601,5/30/2020
5/20/2020,184,13586,2734,112217,125803,19,1565,23,1107,7,218,240,51,34,20,621,5/30/2020
5/21/2020,175,13761,3795,116012,129773,23,1588,15,1122,3,221,245,49,32,19,640,5/30/2020
5/22/2020,207,13968,2942,118954,132922,19,1607,29,1151,5,226,230,--,--,7,647,5/30/2020
5/23/2020,108,14076,2703,121657,135733,16,1623,11,1162,3,229,232,50,36,10,657,5/30/2020
5/24/2020,89,14165,1333,122990,137155,11,1634,14,1176,2,231,227,49,35,8,665,5/30/2020
5/25/2020,70,14235,1330,124320,138555,10,1644,12,1188,0,231,225,53,36,8,673,5/30/2020
5/26/2020,153,14388,2489,126809,141197,21,1665,20,1208,4,235,222,47,33,15,688,5/30/2020
5/27/2020,132,14520,1944,128753,143273,17,1682,17,1225,3,238,219,50,32,9,697,5/30/2020
5/28/2020,128,14648,3188,131941,146589,,,,,,,,,,6,703,5/30/2020
5/29/2020,171,14819,3557,135498,150317,,,,,,,,,,8,711,5/30/2020
2/27/2020,0,0,0,0,0,1,1,0,0,0,0,1,--,--,0,0,6/9/2020
2/28/2020,0,0,0,0,0,0,1,0,0,0,0,1,--,--,0,0,6/9/2020
2/29/2020,0,0,0,0,0,0,1,0,0,0,0,1,--,--,0,0,6/9/2020
3/1/2020,2,2,0,0,2,0,1,0,0,0,0,1,--,--,0,0,6/9/2020
3/2/2020,0,2,1,1,3,1,2,0,0,0,0,2,--,--,0,0,6/9/2020
3/3/2020,0,2,2,3,5,0,2,0,0,0,0,2,--,--,0,0,6/9/2020
3/4/2020,0,2,4,7,9,1,3,0,0,0,0,3,--,--,0,0,6/9/2020
3/5/2020,1,3,5,12,15,0,3,0,0,0,0,3,--,--,0,0,6/9/2020
3/6/2020,0,3,12,24,27,0,3,0,0,0,0,3,--,--,0,0,6/9/2020
3/7/2020,0,3,13,37,40,0,3,0,0,0,0,3,--,--,0,0,6/9/2020
3/8/2020,0,3,22,59,62,0,3,0,0,0,0,3,--,--,0,0,6/9/2020
3/9/2020,1,4,12,71,75,0,3,0,0,0,0,3,--,--,0,0,6/9/2020
3/10/2020,1,5,18,89,94,0,3,0,0,0,0,3,--,--,0,0,6/9/2020
3/11/2020,0,5,31,120,125,1,4,0,0,0,0,4,--,--,0,0,6/9/2020
3/12/2020,8,13,42,162,175,1,5,0,0,0,0,5,--,--,0,0,6/9/2020
3/13/2020,6,19,49,211,230,4,9,1,1,0,0,8,--,--,0,0,6/9/2020
3/14/2020,0,19,86,297,316,0,9,0,1,0,0,8,--,--,0,0,6/9/2020
3/15/2020,1,20,127,424,444,1,10,0,1,0,0,9,--,--,0,0,6/9/2020
3/16/2020,2,22,67,491,513,2,12,0,1,0,0,11,--,--,0,0,6/9/2020
3/17/2020,12,34,126,617,651,6,18,0,1,0,0,17,--,--,0,0,6/9/2020
3/18/2020,11,45,130,747,792,3,21,0,1,0,0,20,--,--,0,0,6/9/2020
3/19/2020,16,61,248,995,1056,2,23,1,2,0,0,21,--,--,1,1,6/9/2020
3/20/2020,13,74,191,1186,1260,5,28,0,2,0,0,26,--,--,0,1,6/9/2020
3/21/2020,14,88,190,1376,1464,3,31,2,4,0,0,27,--,--,0,1,6/9/2020
3/22/2020,25,113,68,1444,1557,2,33,0,4,0,0,29,--,--,0,1,6/9/2020
3/23/2020,16,129,166,1610,1739,16,49,1,5,0,0,44,--,--,0,1,6/9/2020
3/24/2020,19,148,166,1776,1924,7,56,0,5,0,0,51,--,--,0,1,6/9/2020
3/25/2020,28,176,239,2015,2191,5,61,1,6,0,0,55,--,--,0,1,6/9/2020
3/26/2020,41,217,268,2283,2500,10,71,5,11,0,0,60,--,--,0,1,6/9/2020
3/27/2020,31,248,258,2541,2789,9,80,1,12,1,1,67,--,--,2,3,6/9/2020
3/28/2020,64,312,299,2840,3152,13,93,3,15,2,3,75,--,--,1,4,6/9/2020
3/29/2020,105,417,347,3187,3604,8,101,4,19,1,4,78,--,--,2,6,6/9/2020
3/30/2020,78,495,289,3476,3971,20,121,5,24,0,4,93,--,--,3,9,6/9/2020
3/31/2020,73,568,355,3831,4399,11,132,7,31,1,5,96,--,--,2,11,6/9/2020
4/1/2020,101,669,581,4412,5081,18,150,7,38,0,5,107,--,--,1,12,6/9/2020
4/2/2020,63,732,445,4857,5589,21,171,6,44,2,7,120,--,--,4,16,6/9/2020
4/3/2020,100,832,727,5584,6416,23,194,7,51,0,7,136,--,--,3,19,6/9/2020
4/4/2020,138,970,677,6261,7231,21,215,4,55,5,12,148,--,--,9,28,6/9/2020
4/5/2020,183,1153,1140,7401,8554,20,235,9,64,1,13,158,45,37,2,30,6/9/2020
4/6/2020,207,1360,1664,9065,10425,26,261,7,71,0,13,177,45,38,7,37,6/9/2020
4/7/2020,261,1621,1619,10684,12305,20,281,3,74,2,15,192,45,35,5,42,6/9/2020
4/8/2020,274,1895,1599,12283,14178,19,300,8,82,6,21,197,50,36,9,51,6/9/2020
4/9/2020,278,2173,1526,13809,15982,32,332,9,91,4,25,216,50,38,7,58,6/9/2020
4/10/2020,405,2578,2441,16250,18828,29,361,17,108,5,30,223,48,36,10,68,6/9/2020
4/11/2020,279,2857,1827,18077,20934,29,390,11,119,2,32,239,49,40,11,79,6/9/2020
4/12/2020,288,3145,1572,19649,22794,35,425,13,132,5,37,256,54,44,10,89,6/9/2020
4/13/2020,186,3331,1026,20675,24006,35,460,13,145,3,40,275,61,43,9,98,6/9/2020
4/14/2020,267,3598,1784,22459,26057,27,487,16,161,5,45,281,62,43,8,106,6/9/2020
4/15/2020,307,3905,1767,24226,28131,31,518,19,180,3,48,290,67,43,17,123,6/9/2020
4/16/2020,392,4297,2358,26584,30881,37,555,25,205,6,54,296,70,43,13,136,6/9/2020
4/17/2020,290,4587,1751,28335,32922,31,586,20,225,7,61,300,62,45,21,157,6/9/2020
4/18/2020,283,4870,1658,29993,34863,26,612,18,243,4,65,304,67,43,14,171,6/9/2020
4/19/2020,339,5209,1997,31990,37199,24,636,26,269,1,66,301,71,44,11,182,6/9/2020
4/20/2020,381,5590,1843,33833,39423,46,682,29,298,2,68,316,72,45,10,192,6/9/2020
4/21/2020,388,5978,2048,35881,41859,45,727,31,329,5,73,325,77,48,16,208,6/9/2020
4/22/2020,383,6361,2282,38163,44524,41,768,32,361,5,78,329,77,52,14,222,6/9/2020
4/23/2020,422,6783,2395,40558,47341,31,799,28,389,5,83,327,78,53,13,235,6/9/2020
4/24/2020,415,7198,3204,43762,50960,35,834,27,416,4,87,331,81,56,12,247,6/9/2020
4/25/2020,306,7504,2202,45964,53468,34,868,17,433,5,92,343,84,55,12,259,6/9/2020
4/26/2020,276,7780,2213,48177,55957,33,901,15,448,3,95,358,80,55,12,271,6/9/2020
4/27/2020,204,7984,1590,49767,57751,29,930,21,469,4,99,362,98,62,9,280,6/9/2020
4/28/2020,328,8312,2151,51918,60230,43,973,24,493,3,102,378,76,51,21,301,6/9/2020
4/29/2020,373,8685,3171,55089,63774,35,1008,38,531,11,113,364,80,54,18,319,6/9/2020
4/30/2020,350,9035,2597,57686,66721,33,1041,38,569,6,119,353,83,59,22,341,6/9/2020
5/1/2020,315,9350,3073,60759,70109,51,1092,40,609,3,122,361,84,61,11,352,6/9/2020
5/2/2020,188,9538,1915,62674,72212,36,1128,38,647,5,127,354,89,62,24,376,6/9/2020
5/3/2020,182,9720,2153,64827,74547,31,1159,27,674,8,135,350,86,60,17,393,6/9/2020
5/4/2020,291,10011,2079,66906,76917,30,1189,31,705,5,140,344,82,56,17,410,6/9/2020
5/5/2020,302,10313,2851,69757,80070,28,1217,32,737,6,146,334,71,52,16,426,6/9/2020
5/6/2020,343,10656,2827,72584,83240,28,1245,44,781,9,155,309,77,56,19,445,6/9/2020
5/7/2020,271,10927,2886,75470,86397,35,1280,42,823,5,160,297,70,52,18,463,6/9/2020
5/8/2020,233,11160,2482,77952,89112,29,1309,29,852,4,164,293,73,52,19,482,6/9/2020
5/9/2020,288,11448,3280,81232,92680,22,1331,21,873,4,168,290,72,53,13,495,6/9/2020
5/10/2020,186,11634,2077,83309,94943,20,1351,23,896,6,174,281,68,48,13,508,6/9/2020
5/11/2020,174,11808,1791,85100,96908,31,1382,16,912,5,179,291,65,42,13,521,6/9/2020
5/12/2020,220,12028,2421,87521,99549,23,1405,18,930,4,183,292,63,41,21,542,6/9/2020
5/13/2020,198,12226,3509,91030,103256,22,1427,24,954,1,184,289,66,44,12,554,6/9/2020
5/14/2020,218,12444,3269,94299,106743,19,1446,27,981,3,187,278,64,45,14,568,6/9/2020
5/15/2020,225,12669,3432,97731,110400,24,1470,41,1022,5,192,256,62,46,13,581,6/9/2020
5/16/2020,251,12920,4001,101732,114652,25,1495,13,1035,5,197,263,59,44,12,593,6/9/2020
5/17/2020,128,13048,2779,104511,117559,17,1512,7,1042,5,202,268,58,45,10,603,6/9/2020
5/18/2020,138,13186,1890,106401,119587,19,1531,15,1057,5,207,267,56,41,18,621,6/9/2020
5/19/2020,215,13401,3082,109483,122884,22,1553,31,1088,5,212,253,56,40,10,631,6/9/2020
5/20/2020,190,13591,2734,112217,125808,19,1572,23,1111,7,219,242,51,34,21,652,6/9/2020
5/21/2020,169,13760,3795,116012,129772,26,1598,15,1126,3,222,250,49,32,19,671,6/9/2020
5/22/2020,205,13965,2942,118954,132919,19,1617,29,1155,5,227,235,--,--,7,678,6/9/2020
5/23/2020,109,14074,2703,121657,135731,19,1636,11,1166,3,230,240,50,36,12,690,6/9/2020
5/24/2020,89,14163,1333,122990,137153,12,1648,14,1180,2,232,236,49,35,8,698,6/9/2020
5/25/2020,70,14233,1330,124320,138553,11,1659,13,1193,0,232,234,53,36,8,706,6/9/2020
5/26/2020,157,14390,2489,126809,141199,23,1682,22,1215,5,237,230,47,33,15,721,6/9/2020
5/27/2020,135,14525,2090,128899,143424,20,1702,17,1232,3,240,230,50,32,9,730,6/9/2020
5/28/2020,133,14658,3232,132131,146789,16,1718,28,1260,4,244,214,46,29,7,737,6/9/2020
5/29/2020,173,14831,3859,135990,150821,18,1736,27,1287,5,249,200,46,29,11,748,6/9/2020
5/30/2020,103,14934,4104,140094,155028,15,1751,19,1306,4,253,192,48,31,9,757,6/9/2020
5/31/2020,73,15007,2207,142301,157308,10,1761,9,1315,0,253,193,44,30,3,760,6/9/2020
6/1/2020,99,15106,2625,144926,160032,8,1769,12,1327,1,254,188,42,29,3,763,6/9/2020
6/2/2020,105,15211,2904,147830,163041,8,1777,9,1336,3,257,184,37,23,10,773,6/9/2020
6/3/2020,101,15312,3343,151173,166485,13,1790,18,1354,6,263,173,--,--,10,783,6/9/2020
6/4/2020,114,15426,4456,155629,171055,6,1796,25,1379,3,266,151,--,--,10,793,6/9/2020
6/5/2020,99,15525,3794,159423,174948,12,1808,12,1391,5,271,146,28,20,5,798,6/9/2020
6/6/2020,63,15588,2569,161992,177580,7,1815,7,1398,2,273,144,31,19,4,802,6/9/2020
6/7/2020,48,15636,1539,163531,179167,,,,,,,,,,4,806,6/9/2020
6/8/2020,55,15691,1665,165196,180887,,,,,,,,,,2,808,6/9/2020
2/27/2020,0,0,0,0,0,1,1,0,0,0,0,1,--,--,0,0,6/12/2020
2/28/2020,0,0,0,0,0,0,1,0,0,0,0,1,--,--,0,0,6/12/2020
2/29/2020,0,0,0,0,0,0,1,0,0,0,0,1,--,--,0,0,6/12/2020
3/1/2020,2,2,0,0,2,0,1,0,0,0,0,1,--,--,0,0,6/12/2020
3/2/2020,0,2,1,1,3,1,2,0,0,0,0,2,--,--,0,0,6/12/2020
3/3/2020,0,2,2,3,5,0,2,0,0,0,0,2,--,--,0,0,6/12/2020
3/4/2020,0,2,4,7,9,1,3,0,0,0,0,3,--,--,0,0,6/12/2020
3/5/2020,1,3,5,12,15,0,3,0,0,0,0,3,--,--,0,0,6/12/2020
3/6/2020,0,3,12,24,27,0,3,0,0,0,0,3,--,--,0,0,6/12/2020
3/7/2020,0,3,13,37,40,0,3,0,0,0,0,3,--,--,0,0,6/12/2020
3/8/2020,0,3,22,59,62,0,3,0,0,0,0,3,--,--,0,0,6/12/2020
3/9/2020,1,4,12,71,75,0,3,0,0,0,0,3,--,--,0,0,6/12/2020
3/10/2020,1,5,18,89,94,0,3,0,0,0,0,3,--,--,0,0,6/12/2020
3/11/2020,0,5,31,120,125,1,4,0,0,0,0,4,--,--,0,0,6/12/2020
3/12/2020,8,13,42,162,175,1,5,0,0,0,0,5,--,--,0,0,6/12/2020
3/13/2020,6,19,49,211,230,4,9,1,1,0,0,8,--,--,0,0,6/12/2020
3/14/2020,0,19,86,297,316,0,9,0,1,0,0,8,--,--,0,0,6/12/2020
3/15/2020,1,20,127,424,444,1,10,0,1,0,0,9,--,--,0,0,6/12/2020
3/16/2020,2,22,67,491,513,2,12,0,1,0,0,11,--,--,0,0,6/12/2020
3/17/2020,12,34,126,617,651,6,18,0,1,0,0,17,--,--,0,0,6/12/2020
3/18/2020,11,45,130,747,792,3,21,0,1,0,0,20,--,--,0,0,6/12/2020
3/19/2020,16,61,248,995,1056,2,23,1,2,0,0,21,--,--,1,1,6/12/2020
3/20/2020,13,74,191,1186,1260,5,28,0,2,0,0,26,--,--,0,1,6/12/2020
3/21/2020,14,88,190,1376,1464,3,31,2,4,0,0,27,--,--,0,1,6/12/2020
3/22/2020,25,113,68,1444,1557,2,33,0,4,0,0,29,--,--,0,1,6/12/2020
3/23/2020,16,129,166,1610,1739,16,49,1,5,0,0,44,--,--,0,1,6/12/2020
3/24/2020,19,148,166,1776,1924,7,56,0,5,0,0,51,--,--,0,1,6/12/2020
3/25/2020,28,176,239,2015,2191,5,61,1,6,0,0,55,--,--,0,1,6/12/2020
3/26/2020,41,217,268,2283,2500,10,71,5,11,0,0,60,--,--,0,1,6/12/2020
3/27/2020,31,248,258,2541,2789,9,80,1,12,1,1,67,--,--,2,3,6/12/2020
3/28/2020,64,312,299,2840,3152,13,93,3,15,2,3,75,--,--,1,4,6/12/2020
3/29/2020,105,417,347,3187,3604,8,101,4,19,1,4,78,--,--,2,6,6/12/2020
3/30/2020,78,495,289,3476,3971,20,121,5,24,0,4,93,--,--,3,9,6/12/2020
3/31/2020,73,568,355,3831,4399,11,132,7,31,1,5,96,--,--,2,11,6/12/2020
4/1/2020,101,669,581,4412,5081,18,150,7,38,0,5,107,--,--,1,12,6/12/2020
4/2/2020,63,732,445,4857,5589,21,171,6,44,2,7,120,--,--,4,16,6/12/2020
4/3/2020,100,832,727,5584,6416,23,194,7,51,0,7,136,--,--,3,19,6/12/2020
4/4/2020,138,970,677,6261,7231,21,215,4,55,5,12,148,--,--,9,28,6/12/2020
4/5/2020,183,1153,1140,7401,8554,20,235,9,64,1,13,158,45,37,2,30,6/12/2020
4/6/2020,207,1360,1664,9065,10425,26,261,7,71,0,13,177,45,38,7,37,6/12/2020
4/7/2020,261,1621,1619,10684,12305,20,281,3,74,2,15,192,45,35,5,42,6/12/2020
4/8/2020,274,1895,1599,12283,14178,19,300,8,82,6,21,197,50,36,9,51,6/12/2020
4/9/2020,278,2173,1526,13809,15982,32,332,9,91,4,25,216,50,38,7,58,6/12/2020
4/10/2020,405,2578,2441,16250,18828,29,361,17,108,5,30,223,48,36,10,68,6/12/2020
4/11/2020,279,2857,1827,18077,20934,29,390,11,119,2,32,239,49,40,11,79,6/12/2020
4/12/2020,288,3145,1572,19649,22794,35,425,13,132,5,37,256,54,44,10,89,6/12/2020
4/13/2020,186,3331,1026,20675,24006,35,460,13,145,3,40,275,61,43,9,98,6/12/2020
4/14/2020,267,3598,1784,22459,26057,27,487,16,161,5,45,281,62,43,8,106,6/12/2020
4/15/2020,307,3905,1767,24226,28131,31,518,19,180,3,48,290,67,43,17,123,6/12/2020
4/16/2020,392,4297,2358,26584,30881,37,555,25,205,6,54,296,70,43,13,136,6/12/2020
4/17/2020,290,4587,1751,28335,32922,31,586,21,226,7,61,299,62,45,21,157,6/12/2020
4/18/2020,284,4871,1658,29993,34864,26,612,18,244,4,65,303,67,43,14,171,6/12/2020
4/19/2020,339,5210,1997,31990,37200,24,636,26,270,1,66,300,71,44,11,182,6/12/2020
4/20/2020,381,5591,1843,33833,39424,46,682,29,299,2,68,315,72,45,10,192,6/12/2020
4/21/2020,388,5979,2048,35881,41860,45,727,31,330,5,73,324,77,48,16,208,6/12/2020
4/22/2020,383,6362,2282,38163,44525,41,768,32,362,5,78,328,77,52,14,222,6/12/2020
4/23/2020,422,6784,2395,40558,47342,31,799,28,390,5,83,326,78,53,13,235,6/12/2020
4/24/2020,416,7200,3204,43762,50962,35,834,27,417,4,87,330,81,56,12,247,6/12/2020
4/25/2020,306,7506,2202,45964,53470,34,868,17,434,5,92,342,84,55,13,260,6/12/2020
4/26/2020,276,7782,2213,48177,55959,33,901,15,449,3,95,357,80,55,12,272,6/12/2020
4/27/2020,204,7986,1590,49767,57753,29,930,21,470,4,99,361,98,62,9,281,6/12/2020
4/28/2020,328,8314,2151,51918,60232,43,973,24,494,3,102,377,76,51,21,302,6/12/2020
4/29/2020,373,8687,3171,55089,63776,35,1008,38,532,11,113,363,80,54,18,320,6/12/2020
4/30/2020,350,9037,2597,57686,66723,33,1041,38,570,6,119,352,83,59,22,342,6/12/2020
5/1/2020,315,9352,3073,60759,70111,51,1092,40,610,3,122,360,84,61,11,353,6/12/2020
5/2/2020,189,9541,1915,62674,72215,36,1128,38,648,5,127,353,89,62,24,377,6/12/2020
5/3/2020,182,9723,2153,64827,74550,31,1159,27,675,8,135,349,86,60,17,394,6/12/2020
5/4/2020,291,10014,2079,66906,76920,30,1189,31,706,5,140,343,82,56,17,411,6/12/2020
5/5/2020,303,10317,2851,69757,80074,28,1217,32,738,6,146,333,71,52,16,427,6/12/2020
5/6/2020,343,10660,2827,72584,83244,28,1245,44,782,9,155,308,77,56,19,446,6/12/2020
5/7/2020,271,10931,2886,75470,86401,35,1280,42,824,5,160,296,70,52,18,464,6/12/2020
5/8/2020,234,11165,2482,77952,89117,29,1309,29,853,4,164,292,73,52,19,483,6/12/2020
5/9/2020,288,11453,3280,81232,92685,22,1331,21,874,4,168,289,72,53,13,496,6/12/2020
5/10/2020,188,11641,2077,83309,94950,20,1351,23,897,6,174,280,68,48,13,509,6/12/2020
5/11/2020,174,11815,1791,85100,96915,31,1382,16,913,5,179,290,65,42,13,522,6/12/2020
5/12/2020,220,12035,2421,87521,99556,23,1405,18,931,4,183,291,63,41,21,543,6/12/2020
5/13/2020,198,12233,3509,91030,103263,22,1427,24,955,1,184,288,66,44,12,555,6/12/2020
5/14/2020,218,12451,3269,94299,106750,19,1446,27,982,3,187,277,64,45,14,569,6/12/2020
5/15/2020,226,12677,3432,97731,110408,24,1470,41,1023,5,192,255,62,46,13,582,6/12/2020
5/16/2020,251,12928,4001,101732,114660,25,1495,13,1036,5,197,262,59,44,12,594,6/12/2020
5/17/2020,127,13055,2779,104511,117566,17,1512,7,1043,5,202,267,58,45,10,604,6/12/2020
5/18/2020,138,13193,1890,106401,119594,19,1531,15,1058,5,207,266,56,41,18,622,6/12/2020
5/19/2020,215,13408,3082,109483,122891,22,1553,31,1089,5,212,252,56,40,10,632,6/12/2020
5/20/2020,190,13598,2734,112217,125815,19,1572,23,1112,7,219,241,51,34,21,653,6/12/2020
5/21/2020,169,13767,3795,116012,129779,26,1598,15,1127,3,222,249,49,32,19,672,6/12/2020
5/22/2020,200,13967,2942,118954,132921,19,1617,29,1156,5,227,234,--,--,7,679,6/12/2020
5/23/2020,107,14074,2703,121657,135731,19,1636,11,1167,3,230,239,50,36,12,691,6/12/2020
5/24/2020,87,14161,1333,122990,137151,12,1648,14,1181,2,232,235,49,35,8,699,6/12/2020
5/25/2020,68,14229,1330,124320,138549,12,1660,13,1194,0,232,234,53,36,8,707,6/12/2020
5/26/2020,156,14385,2489,126809,141194,23,1683,22,1216,5,237,230,47,33,15,722,6/12/2020
5/27/2020,135,14520,2090,128899,143419,20,1703,17,1233,3,240,230,50,32,9,731,6/12/2020
5/28/2020,132,14652,3232,132131,146783,16,1719,29,1262,4,244,213,46,29,7,738,6/12/2020
5/29/2020,177,14829,3859,135990,150819,18,1737,27,1289,5,249,199,46,29,11,749,6/12/2020
5/30/2020,104,14933,4104,140094,155027,15,1752,19,1308,4,253,191,48,31,10,759,6/12/2020
5/31/2020,75,15008,2273,142367,157375,10,1762,9,1317,0,253,192,44,30,3,762,6/12/2020
6/1/2020,99,15107,2663,145030,160137,8,1770,12,1329,1,254,187,42,29,3,765,6/12/2020
6/2/2020,111,15218,2974,148004,163222,8,1778,9,1338,3,257,183,37,23,10,775,6/12/2020
6/3/2020,101,15319,3366,151370,166689,13,1791,18,1356,6,263,172,--,--,10,785,6/12/2020
6/4/2020,114,15433,4456,155826,171259,6,1797,25,1381,3,266,150,--,--,10,795,6/12/2020
6/5/2020,103,15536,3794,159620,175156,13,1810,12,1393,5,271,146,28,20,6,801,6/12/2020
6/6/2020,66,15602,2569,162189,177791,8,1818,7,1400,2,273,145,31,19,4,805,6/12/2020
6/7/2020,49,15651,1539,163728,179379,10,1828,6,1406,1,274,148,27,16,4,809,6/12/2020
6/8/2020,39,15690,1665,165393,181083,,,,,,,,,,3,812,6/12/2020
6/9/2020,66,15756,2473,167866,183622,,,,,,,,,,0,812,6/12/2020
2/27/2020,0,0,0,0,0,1,1,0,0,0,0,1,--,--,0,0,6/14/2020
2/28/2020,0,0,0,0,0,0,1,0,0,0,0,1,--,--,0,0,6/14/2020
2/29/2020,0,0,0,0,0,0,1,0,0,0,0,1,--,--,0,0,6/14/2020
3/1/2020,2,2,0,0,2,0,1,0,0,0,0,1,--,--,0,0,6/14/2020
3/2/2020,0,2,1,1,3,1,2,0,0,0,0,2,--,--,0,0,6/14/2020
3/3/2020,0,2,2,3,5,0,2,0,0,0,0,2,--,--,0,0,6/14/2020
3/4/2020,0,2,4,7,9,1,3,0,0,0,0,3,--,--,0,0,6/14/2020
3/5/2020,1,3,5,12,15,0,3,0,0,0,0,3,--,--,0,0,6/14/2020
3/6/2020,0,3,12,24,27,0,3,0,0,0,0,3,--,--,0,0,6/14/2020
3/7/2020,0,3,13,37,40,0,3,0,0,0,0,3,--,--,0,0,6/14/2020
3/8/2020,0,3,22,59,62,0,3,0,0,0,0,3,--,--,0,0,6/14/2020
3/9/2020,1,4,12,71,75,0,3,0,0,0,0,3,--,--,0,0,6/14/2020
3/10/2020,1,5,18,89,94,0,3,0,0,0,0,3,--,--,0,0,6/14/2020
3/11/2020,0,5,31,120,125,1,4,0,0,0,0,4,--,--,0,0,6/14/2020
3/12/2020,8,13,42,162,175,1,5,0,0,0,0,5,--,--,0,0,6/14/2020
3/13/2020,6,19,49,211,230,4,9,1,1,0,0,8,--,--,0,0,6/14/2020
3/14/2020,0,19,86,297,316,0,9,0,1,0,0,8,--,--,0,0,6/14/2020
3/15/2020,1,20,127,424,444,1,10,0,1,0,0,9,--,--,0,0,6/14/2020
3/16/2020,2,22,67,491,513,2,12,0,1,0,0,11,--,--,0,0,6/14/2020
3/17/2020,12,34,126,617,651,6,18,0,1,0,0,17,--,--,0,0,6/14/2020
3/18/2020,11,45,130,747,792,3,21,0,1,0,0,20,--,--,0,0,6/14/2020
3/19/2020,16,61,248,995,1056,2,23,1,2,0,0,21,--,--,1,1,6/14/2020
3/20/2020,13,74,191,1186,1260,5,28,0,2,0,0,26,--,--,0,1,6/14/2020
3/21/2020,14,88,190,1376,1464,3,31,2,4,0,0,27,--,--,0,1,6/14/2020
3/22/2020,25,113,68,1444,1557,2,33,0,4,0,0,29,--,--,0,1,6/14/2020
3/23/2020,16,129,166,1610,1739,16,49,1,5,0,0,44,--,--,0,1,6/14/2020
3/24/2020,19,148,166,1776,1924,7,56,0,5,0,0,51,--,--,0,1,6/14/2020
3/25/2020,28,176,239,2015,2191,5,61,1,6,0,0,55,--,--,0,1,6/14/2020
3/26/2020,41,217,268,2283,2500,10,71,5,11,0,0,60,--,--,0,1,6/14/2020
3/27/2020,31,248,258,2541,2789,9,80,1,12,1,1,67,--,--,2,3,6/14/2020
3/28/2020,64,312,299,2840,3152,13,93,3,15,2,3,75,--,--,1,4,6/14/2020
3/29/2020,105,417,347,3187,3604,8,101,4,19,1,4,78,--,--,2,6,6/14/2020
3/30/2020,78,495,289,3476,3971,20,121,5,24,0,4,93,--,--,3,9,6/14/2020
3/31/2020,73,568,355,3831,4399,11,132,7,31,1,5,96,--,--,2,11,6/14/2020
4/1/2020,101,669,581,4412,5081,18,150,7,38,0,5,107,--,--,1,12,6/14/2020
4/2/2020,63,732,445,4857,5589,21,171,6,44,2,7,120,--,--,4,16,6/14/2020
4/3/2020,100,832,727,5584,6416,23,194,7,51,0,7,136,--,--,3,19,6/14/2020
4/4/2020,138,970,677,6261,7231,21,215,4,55,5,12,148,--,--,9,28,6/14/2020
4/5/2020,183,1153,1140,7401,8554,20,235,9,64,1,13,158,45,37,2,30,6/14/2020
4/6/2020,207,1360,1664,9065,10425,26,261,7,71,0,13,177,45,38,7,37,6/14/2020
4/7/2020,261,1621,1619,10684,12305,20,281,3,74,2,15,192,45,35,5,42,6/14/2020
4/8/2020,274,1895,1599,12283,14178,19,300,8,82,6,21,197,50,36,9,51,6/14/2020
4/9/2020,279,2174,1526,13809,15983,32,332,9,91,4,25,216,50,38,7,58,6/14/2020
4/10/2020,405,2579,2441,16250,18829,29,361,17,108,5,30,223,48,36,11,69,6/14/2020
4/11/2020,279,2858,1827,18077,20935,29,390,11,119,2,32,239,49,40,11,80,6/14/2020
4/12/2020,287,3145,1572,19649,22794,35,425,13,132,5,37,256,54,44,10,90,6/14/2020
4/13/2020,186,3331,1026,20675,24006,35,460,13,145,3,40,275,61,43,9,99,6/14/2020
4/14/2020,268,3599,1784,22459,26058,27,487,16,161,5,45,281,62,43,8,107,6/14/2020
4/15/2020,307,3906,1767,24226,28132,31,518,19,180,3,48,290,67,43,17,124,6/14/2020
4/16/2020,392,4298,2358,26584,30882,37,555,25,205,6,54,296,70,43,14,138,6/14/2020
4/17/2020,290,4588,1751,28335,32923,31,586,21,226,7,61,299,62,45,21,159,6/14/2020
4/18/2020,284,4872,1658,29993,34865,26,612,18,244,4,65,303,67,43,15,174,6/14/2020
4/19/2020,340,5212,1997,31990,37202,24,636,26,270,1,66,300,71,44,11,185,6/14/2020
4/20/2020,381,5593,1843,33833,39426,46,682,29,299,2,68,315,72,45,10,195,6/14/2020
4/21/2020,388,5981,2048,35881,41862,45,727,31,330,5,73,324,77,48,18,213,6/14/2020
4/22/2020,383,6364,2282,38163,44527,41,768,32,362,5,78,328,77,52,16,229,6/14/2020
4/23/2020,421,6785,2395,40558,47343,31,799,28,390,5,83,326,78,53,14,243,6/14/2020
4/24/2020,416,7201,3204,43762,50963,35,834,27,417,4,87,330,81,56,15,258,6/14/2020
4/25/2020,306,7507,2202,45964,53471,34,868,17,434,5,92,342,84,55,14,272,6/14/2020
4/26/2020,276,7783,2213,48177,55960,33,901,15,449,3,95,357,80,55,12,284,6/14/2020
4/27/2020,204,7987,1590,49767,57754,29,930,21,470,4,99,361,98,62,9,293,6/14/2020
4/28/2020,329,8316,2151,51918,60234,43,973,24,494,3,102,377,76,51,21,314,6/14/2020
4/29/2020,373,8689,3171,55089,63778,35,1008,38,532,11,113,363,80,54,18,332,6/14/2020
4/30/2020,350,9039,2597,57686,66725,33,1041,38,570,6,119,352,83,59,22,354,6/14/2020
5/1/2020,316,9355,3098,60784,70139,51,1092,39,609,3,122,361,84,61,12,366,6/14/2020
5/2/2020,189,9544,1934,62718,72262,36,1128,39,648,5,127,353,89,62,24,390,6/14/2020
5/3/2020,182,9726,2172,64890,74616,31,1159,27,675,8,135,349,86,60,17,407,6/14/2020
5/4/2020,291,10017,2106,66996,77013,30,1189,31,706,5,140,343,82,56,17,424,6/14/2020
5/5/2020,303,10320,2885,69881,80201,28,1217,32,738,6,146,333,71,52,16,440,6/14/2020
5/6/2020,342,10662,2848,72729,83391,28,1245,44,782,9,155,308,77,56,19,459,6/14/2020
5/7/2020,271,10933,2909,75638,86571,36,1281,42,824,5,160,297,70,52,18,477,6/14/2020
5/8/2020,231,11164,2501,78139,89303,29,1310,29,853,4,164,293,73,52,19,496,6/14/2020
5/9/2020,288,11452,3292,81431,92883,22,1332,21,874,4,168,290,72,53,13,509,6/14/2020
5/10/2020,188,11640,2094,83525,95165,20,1352,23,897,6,174,281,68,48,13,522,6/14/2020
5/11/2020,173,11813,1810,85335,97148,31,1383,16,913,6,180,290,65,42,13,535,6/14/2020
5/12/2020,219,12032,2449,87784,99816,23,1406,18,931,4,184,291,63,41,21,556,6/14/2020
5/13/2020,194,12226,3528,91312,103538,22,1428,24,955,1,185,288,66,44,12,568,6/14/2020
5/14/2020,218,12444,3306,94618,107062,19,1447,27,982,3,188,277,64,45,14,582,6/14/2020
5/15/2020,227,12671,3462,98080,110751,24,1471,41,1023,5,193,255,62,46,13,595,6/14/2020
5/16/2020,251,12922,4024,102104,115026,25,1496,13,1036,5,198,262,59,44,12,607,6/14/2020
5/17/2020,127,13049,2790,104894,117943,17,1513,7,1043,5,203,267,58,45,10,617,6/14/2020
5/18/2020,139,13188,1921,106815,120003,19,1532,15,1058,5,208,266,56,41,18,635,6/14/2020
5/19/2020,211,13399,3116,109931,123330,23,1555,31,1089,5,213,253,56,40,10,645,6/14/2020
5/20/2020,187,13586,2789,112720,126306,19,1574,23,1112,7,220,242,51,34,21,666,6/14/2020
5/21/2020,170,13756,3830,116550,130306,26,1600,15,1127,3,223,250,49,32,19,685,6/14/2020
5/22/2020,201,13957,2984,119534,133491,19,1619,29,1156,5,228,235,--,--,7,692,6/14/2020
5/23/2020,109,14066,2734,122268,136334,19,1638,11,1167,3,231,240,50,36,12,704,6/14/2020
5/24/2020,84,14150,1359,123627,137777,12,1650,14,1181,2,233,236,49,35,8,712,6/14/2020
5/25/2020,69,14219,1366,124993,139212,12,1662,14,1195,0,233,234,53,36,8,720,6/14/2020
5/26/2020,151,14370,2562,127555,141925,23,1685,22,1217,5,238,230,47,33,15,735,6/14/2020
5/27/2020,135,14505,2065,129620,144125,20,1705,17,1234,3,241,230,50,32,9,744,6/14/2020
5/28/2020,133,14638,3289,132909,147547,16,1721,29,1263,4,245,213,46,29,7,751,6/14/2020
5/29/2020,175,14813,3902,136811,151624,18,1739,27,1290,5,250,199,46,29,11,762,6/14/2020
5/30/2020,104,14917,4134,140945,155862,15,1754,19,1309,4,254,191,48,31,10,772,6/14/2020
5/31/2020,76,14993,2306,143251,158244,10,1764,9,1318,0,254,192,44,30,3,775,6/14/2020
6/1/2020,100,15093,2722,145973,161066,8,1772,12,1330,1,255,187,42,29,3,778,6/14/2020
6/2/2020,114,15207,3022,148995,164202,8,1780,9,1339,3,258,183,37,23,10,788,6/14/2020
6/3/2020,104,15311,3407,152402,167713,12,1792,18,1357,6,264,171,--,--,10,798,6/14/2020
6/4/2020,115,15426,4505,156907,172333,6,1798,25,1382,3,267,149,--,--,10,808,6/14/2020
6/5/2020,106,15532,3841,160748,176280,13,1811,12,1394,5,272,145,28,20,7,815,6/14/2020
6/6/2020,68,15600,2602,163350,178950,9,1820,7,1401,2,274,145,31,19,4,819,6/14/2020
6/7/2020,48,15648,1567,164917,180565,10,1830,6,1407,1,275,148,27,16,4,823,6/14/2020
6/8/2020,43,15691,1720,166637,182328,14,1844,12,1419,2,277,148,26,16,3,826,6/14/2020
6/9/2020,70,15761,2506,169143,184904,9,1853,16,1435,0,277,141,28,17,1,827,6/14/2020
6/10/2020,102,15863,2873,172016,187879,,,,,,,,,,3,830,6/14/2020
6/11/2020,84,15947,3555,175571,191518,,,,,,,,,,3,833,6/14/2020
2/27/2020,0,0,0,0,0,1,1,0,0,0,0,1,--,--,0,0,6/15/2020
2/28/2020,0,0,0,0,0,0,1,0,0,0,0,1,--,--,0,0,6/15/2020
2/29/2020,0,0,0,0,0,0,1,0,0,0,0,1,--,--,0,0,6/15/2020
3/1/2020,2,2,0,0,2,0,1,0,0,0,0,1,--,--,0,0,6/15/2020
3/2/2020,0,2,1,1,3,1,2,0,0,0,0,2,--,--,0,0,6/15/2020
3/3/2020,0,2,2,3,5,0,2,0,0,0,0,2,--,--,0,0,6/15/2020
3/4/2020,0,2,4,7,9,1,3,0,0,0,0,3,--,--,0,0,6/15/2020
3/5/2020,1,3,5,12,15,0,3,0,0,0,0,3,--,--,0,0,6/15/2020
3/6/2020,0,3,12,24,27,0,3,0,0,0,0,3,--,--,0,0,6/15/2020
3/7/2020,0,3,13,37,40,0,3,0,0,0,0,3,--,--,0,0,6/15/2020
3/8/2020,0,3,22,59,62,0,3,0,0,0,0,3,--,--,0,0,6/15/2020
3/9/2020,1,4,12,71,75,0,3,0,0,0,0,3,--,--,0,0,6/15/2020
3/10/2020,1,5,18,89,94,0,3,0,0,0,0,3,--,--,0,0,6/15/2020
3/11/2020,0,5,31,120,125,1,4,0,0,0,0,4,--,--,0,0,6/15/2020
3/12/2020,8,13,42,162,175,1,5,0,0,0,0,5,--,--,0,0,6/15/2020
3/13/2020,6,19,49,211,230,4,9,1,1,0,0,8,--,--,0,0,6/15/2020
3/14/2020,0,19,86,297,316,0,9,0,1,0,0,8,--,--,0,0,6/15/2020
3/15/2020,1,20,127,424,444,1,10,0,1,0,0,9,--,--,0,0,6/15/2020
3/16/2020,2,22,67,491,513,2,12,0,1,0,0,11,--,--,0,0,6/15/2020
3/17/2020,12,34,126,617,651,6,18,0,1,0,0,17,--,--,0,0,6/15/2020
3/18/2020,11,45,130,747,792,3,21,0,1,0,0,20,--,--,0,0,6/15/2020
3/19/2020,16,61,248,995,1056,2,23,1,2,0,0,21,--,--,1,1,6/15/2020
3/20/2020,13,74,191,1186,1260,5,28,0,2,0,0,26,--,--,0,1,6/15/2020
3/21/2020,14,88,190,1376,1464,3,31,2,4,0,0,27,--,--,0,1,6/15/2020
3/22/2020,25,113,68,1444,1557,2,33,0,4,0,0,29,--,--,0,1,6/15/2020
3/23/2020,16,129,166,1610,1739,16,49,1,5,0,0,44,--,--,0,1,6/15/2020
3/24/2020,19,148,166,1776,1924,7,56,0,5,0,0,51,--,--,0,1,6/15/2020
3/25/2020,28,176,239,2015,2191,5,61,1,6,0,0,55,--,--,0,1,6/15/2020
3/26/2020,41,217,268,2283,2500,10,71,5,11,0,0,60,--,--,0,1,6/15/2020
3/27/2020,31,248,258,2541,2789,9,80,1,12,1,1,67,--,--,2,3,6/15/2020
3/28/2020,64,312,299,2840,3152,13,93,3,15,2,3,75,--,--,1,4,6/15/2020
3/29/2020,105,417,347,3187,3604,8,101,4,19,1,4,78,--,--,2,6,6/15/2020
3/30/2020,78,495,289,3476,3971,20,121,5,24,0,4,93,--,--,3,9,6/15/2020
3/31/2020,73,568,355,3831,4399,11,132,7,31,1,5,96,--,--,2,11,6/15/2020
4/1/2020,101,669,581,4412,5081,18,150,7,38,0,5,107,--,--,1,12,6/15/2020
4/2/2020,63,732,445,4857,5589,21,171,6,44,2,7,120,--,--,4,16,6/15/2020
4/3/2020,100,832,727,5584,6416,23,194,7,51,0,7,136,--,--,3,19,6/15/2020
4/4/2020,138,970,677,6261,7231,21,215,4,55,5,12,148,--,--,9,28,6/15/2020
4/5/2020,183,1153,1140,7401,8554,20,235,9,64,1,13,158,45,37,2,30,6/15/2020
4/6/2020,207,1360,1664,9065,10425,26,261,7,71,0,13,177,45,38,7,37,6/15/2020
4/7/2020,261,1621,1619,10684,12305,20,281,3,74,2,15,192,45,35,5,42,6/15/2020
4/8/2020,274,1895,1599,12283,14178,19,300,8,82,6,21,197,50,36,9,51,6/15/2020
4/9/2020,279,2174,1526,13809,15983,32,332,9,91,4,25,216,50,38,7,58,6/15/2020
4/10/2020,405,2579,2441,16250,18829,29,361,17,108,5,30,223,48,36,11,69,6/15/2020
4/11/2020,279,2858,1827,18077,20935,29,390,11,119,2,32,239,49,40,11,80,6/15/2020
4/12/2020,287,3145,1572,19649,22794,35,425,13,132,5,37,256,54,44,10,90,6/15/2020
4/13/2020,186,3331,1026,20675,24006,35,460,13,145,3,40,275,61,43,9,99,6/15/2020
4/14/2020,268,3599,1784,22459,26058,27,487,16,161,5,45,281,62,43,8,107,6/15/2020
4/15/2020,307,3906,1767,24226,28132,31,518,19,180,3,48,290,67,43,17,124,6/15/2020
4/16/2020,392,4298,2358,26584,30882,37,555,25,205,6,54,296,70,43,14,138,6/15/2020
4/17/2020,290,4588,1751,28335,32923,31,586,21,226,7,61,299,62,45,21,159,6/15/2020
4/18/2020,284,4872,1658,29993,34865,26,612,18,244,4,65,303,67,43,15,174,6/15/2020
4/19/2020,340,5212,1997,31990,37202,24,636,26,270,1,66,300,71,44,11,185,6/15/2020
4/20/2020,380,5592,1843,33833,39425,46,682,29,299,2,68,315,72,45,10,195,6/15/2020
4/21/2020,388,5980,2048,35881,41861,45,727,31,330,5,73,324,77,48,18,213,6/15/2020
4/22/2020,383,6363,2282,38163,44526,41,768,32,362,5,78,328,77,52,16,229,6/15/2020
4/23/2020,420,6783,2395,40558,47341,31,799,28,390,5,83,326,78,53,14,243,6/15/2020
4/24/2020,416,7199,3204,43762,50961,35,834,27,417,4,87,330,81,56,15,258,6/15/2020
4/25/2020,306,7505,2202,45964,53469,34,868,17,434,5,92,342,84,55,14,272,6/15/2020
4/26/2020,276,7781,2213,48177,55958,33,901,15,449,3,95,357,80,55,14,286,6/15/2020
4/27/2020,204,7985,1590,49767,57752,29,930,21,470,4,99,361,98,62,10,296,6/15/2020
4/28/2020,329,8314,2151,51918,60232,43,973,24,494,3,102,377,76,51,22,318,6/15/2020
4/29/2020,372,8686,3171,55089,63775,35,1008,38,532,11,113,363,80,54,18,336,6/15/2020
4/30/2020,350,9036,2597,57686,66722,33,1041,38,570,6,119,352,83,59,24,360,6/15/2020
5/1/2020,316,9352,3098,60784,70136,51,1092,39,609,3,122,361,84,61,14,374,6/15/2020
5/2/2020,189,9541,1934,62718,72259,36,1128,39,648,5,127,353,89,62,24,398,6/15/2020
5/3/2020,182,9723,2172,64890,74613,31,1159,27,675,8,135,349,86,60,20,418,6/15/2020
5/4/2020,291,10014,2106,66996,77010,30,1189,31,706,5,140,343,82,56,18,436,6/15/2020
5/5/2020,304,10318,2885,69881,80199,28,1217,32,738,6,146,333,71,52,16,452,6/15/2020
5/6/2020,342,10660,2848,72729,83389,28,1245,44,782,9,155,308,77,56,19,471,6/15/2020
5/7/2020,271,10931,2909,75638,86569,36,1281,42,824,5,160,297,70,52,18,489,6/15/2020
5/8/2020,231,11162,2501,78139,89301,29,1310,29,853,4,164,293,73,52,19,508,6/15/2020
5/9/2020,288,11450,3292,81431,92881,22,1332,21,874,4,168,290,72,53,14,522,6/15/2020
5/10/2020,188,11638,2094,83525,95163,20,1352,23,897,6,174,281,68,48,13,535,6/15/2020
5/11/2020,173,11811,1810,85335,97146,31,1383,16,913,6,180,290,65,42,13,548,6/15/2020
5/12/2020,221,12032,2449,87784,99816,23,1406,18,931,4,184,291,63,41,21,569,6/15/2020
5/13/2020,194,12226,3528,91312,103538,22,1428,24,955,1,185,288,66,44,12,581,6/15/2020
5/14/2020,218,12444,3306,94618,107062,19,1447,27,982,3,188,277,64,45,14,595,6/15/2020
5/15/2020,227,12671,3462,98080,110751,24,1471,41,1023,5,193,255,62,46,13,608,6/15/2020
5/16/2020,251,12922,4024,102104,115026,25,1496,13,1036,5,198,262,59,44,12,620,6/15/2020
5/17/2020,127,13049,2790,104894,117943,17,1513,7,1043,5,203,267,58,45,10,630,6/15/2020
5/18/2020,139,13188,1921,106815,120003,19,1532,15,1058,5,208,266,56,41,18,648,6/15/2020
5/19/2020,212,13400,3116,109931,123331,23,1555,31,1089,5,213,253,56,40,10,658,6/15/2020
5/20/2020,186,13586,2789,112720,126306,19,1574,23,1112,7,220,242,51,34,21,679,6/15/2020
5/21/2020,169,13755,3830,116550,130305,26,1600,15,1127,3,223,250,49,32,19,698,6/15/2020
5/22/2020,204,13959,2984,119534,133493,19,1619,29,1156,5,228,235,--,--,7,705,6/15/2020
5/23/2020,108,14067,2734,122268,136335,19,1638,11,1167,3,231,240,50,36,12,717,6/15/2020
5/24/2020,84,14151,1359,123627,137778,12,1650,14,1181,2,233,236,49,35,8,725,6/15/2020
5/25/2020,69,14220,1366,124993,139213,12,1662,14,1195,0,233,234,53,36,8,733,6/15/2020
5/26/2020,152,14372,2562,127555,141927,23,1685,22,1217,5,238,230,47,33,15,748,6/15/2020
5/27/2020,132,14504,2065,129620,144124,20,1705,17,1234,3,241,230,50,32,9,757,6/15/2020
5/28/2020,132,14636,3289,132909,147545,17,1722,29,1263,4,245,214,46,29,7,764,6/15/2020
5/29/2020,177,14813,3902,136811,151624,18,1740,27,1290,5,250,200,46,29,11,775,6/15/2020
5/30/2020,104,14917,4134,140945,155862,15,1755,19,1309,4,254,192,48,31,10,785,6/15/2020
5/31/2020,76,14993,2306,143251,158244,10,1765,10,1319,0,254,192,44,30,3,788,6/15/2020
6/1/2020,100,15093,2722,145973,161066,8,1773,12,1331,1,255,187,42,29,3,791,6/15/2020
6/2/2020,110,15203,3022,148995,164198,8,1781,9,1340,3,258,183,37,23,10,801,6/15/2020
6/3/2020,103,15306,3407,152402,167708,12,1793,18,1358,6,264,171,--,--,10,811,6/15/2020
6/4/2020,115,15421,4505,156907,172328,7,1800,25,1383,3,267,150,--,--,11,822,6/15/2020
6/5/2020,106,15527,3841,160748,176275,13,1813,12,1395,5,272,146,28,20,7,829,6/15/2020
6/6/2020,67,15594,2602,163350,178944,9,1822,7,1402,2,274,146,31,19,4,833,6/15/2020
6/7/2020,48,15642,1567,164917,180559,11,1833,6,1408,1,275,150,27,16,4,837,6/15/2020
6/8/2020,41,15683,1720,166637,182320,14,1847,12,1420,2,277,150,26,16,3,840,6/15/2020
6/9/2020,67,15750,2506,169143,184893,9,1856,16,1436,0,277,143,28,17,1,841,6/15/2020
6/10/2020,103,15853,2873,172016,187869,12,1868,12,1448,2,279,141,--,--,3,844,6/15/2020
6/11/2020,89,15942,3610,175626,191568,6,1874,13,1461,1,280,133,--,--,4,848,6/15/2020
6/12/2020,73,16015,4311,179937,195952,8,1882,13,1474,1,281,127,21,14,2,850,6/15/2020
6/13/2020,46,16061,2634,182571,198632,,,,,,,,,,1,851,6/15/2020
6/14/2020,32,16093,1781,184352,200445,,,,,,,,,,0,851,6/15/2020
2/27/2020,0,0,0,0,0,1,1,0,0,0,0,1,--,--,0,0,6/16/2020
2/28/2020,0,0,0,0,0,0,1,0,0,0,0,1,--,--,0,0,6/16/2020
2/29/2020,0,0,0,0,0,0,1,0,0,0,0,1,--,--,0,0,6/16/2020
3/1/2020,2,2,0,0,2,0,1,0,0,0,0,1,--,--,0,0,6/16/2020
3/2/2020,0,2,1,1,3,1,2,0,0,0,0,2,--,--,0,0,6/16/2020
3/3/2020,0,2,2,3,5,0,2,0,0,0,0,2,--,--,0,0,6/16/2020
3/4/2020,0,2,4,7,9,1,3,0,0,0,0,3,--,--,0,0,6/16/2020
3/5/2020,1,3,5,12,15,0,3,0,0,0,0,3,--,--,0,0,6/16/2020
3/6/2020,0,3,12,24,27,0,3,0,0,0,0,3,--,--,0,0,6/16/2020
3/7/2020,0,3,13,37,40,0,3,0,0,0,0,3,--,--,0,0,6/16/2020
3/8/2020,0,3,22,59,62,0,3,0,0,0,0,3,--,--,0,0,6/16/2020
3/9/2020,1,4,12,71,75,0,3,0,0,0,0,3,--,--,0,0,6/16/2020
3/10/2020,1,5,18,89,94,0,3,0,0,0,0,3,--,--,0,0,6/16/2020
3/11/2020,0,5,31,120,125,1,4,0,0,0,0,4,--,--,0,0,6/16/2020
3/12/2020,8,13,42,162,175,1,5,0,0,0,0,5,--,--,0,0,6/16/2020
3/13/2020,6,19,49,211,230,4,9,1,1,0,0,8,--,--,0,0,6/16/2020
3/14/2020,0,19,86,297,316,0,9,0,1,0,0,8,--,--,0,0,6/16/2020
3/15/2020,1,20,127,424,444,1,10,0,1,0,0,9,--,--,0,0,6/16/2020
3/16/2020,2,22,67,491,513,2,12,0,1,0,0,11,--,--,0,0,6/16/2020
3/17/2020,12,34,126,617,651,6,18,0,1,0,0,17,--,--,0,0,6/16/2020
3/18/2020,11,45,130,747,792,3,21,0,1,0,0,20,--,--,0,0,6/16/2020
3/19/2020,16,61,248,995,1056,2,23,1,2,0,0,21,--,--,1,1,6/16/2020
3/20/2020,13,74,191,1186,1260,5,28,0,2,0,0,26,--,--,0,1,6/16/2020
3/21/2020,14,88,190,1376,1464,3,31,2,4,0,0,27,--,--,0,1,6/16/2020
3/22/2020,25,113,68,1444,1557,2,33,0,4,0,0,29,--,--,0,1,6/16/2020
3/23/2020,16,129,166,1610,1739,16,49,1,5,0,0,44,--,--,0,1,6/16/2020
3/24/2020,19,148,166,1776,1924,7,56,0,5,0,0,51,--,--,0,1,6/16/2020
3/25/2020,28,176,239,2015,2191,5,61,1,6,0,0,55,--,--,0,1,6/16/2020
3/26/2020,41,217,268,2283,2500,10,71,5,11,0,0,60,--,--,0,1,6/16/2020
3/27/2020,31,248,258,2541,2789,9,80,1,12,1,1,67,--,--,2,3,6/16/2020
3/28/2020,64,312,299,2840,3152,13,93,3,15,2,3,75,--,--,1,4,6/16/2020
3/29/2020,105,417,347,3187,3604,8,101,4,19,1,4,78,--,--,2,6,6/16/2020
3/30/2020,78,495,289,3476,3971,20,121,5,24,0,4,93,--,--,3,9,6/16/2020
3/31/2020,73,568,355,3831,4399,11,132,7,31,1,5,96,--,--,2,11,6/16/2020
4/1/2020,101,669,581,4412,5081,18,150,7,38,0,5,107,--,--,1,12,6/16/2020
4/2/2020,63,732,445,4857,5589,21,171,6,44,2,7,120,--,--,4,16,6/16/2020
4/3/2020,100,832,727,5584,6416,23,194,7,51,0,7,136,--,--,3,19,6/16/2020
4/4/2020,138,970,677,6261,7231,21,215,4,55,5,12,148,--,--,9,28,6/16/2020
4/5/2020,183,1153,1140,7401,8554,20,235,9,64,1,13,158,45,37,2,30,6/16/2020
4/6/2020,207,1360,1664,9065,10425,26,261,7,71,0,13,177,45,38,7,37,6/16/2020
4/7/2020,261,1621,1619,10684,12305,20,281,3,74,2,15,192,45,35,5,42,6/16/2020
4/8/2020,274,1895,1599,12283,14178,19,300,8,82,6,21,197,50,36,9,51,6/16/2020
4/9/2020,279,2174,1526,13809,15983,32,332,9,91,4,25,216,50,38,7,58,6/16/2020
4/10/2020,404,2578,2441,16250,18828,29,361,17,108,5,30,223,48,36,11,69,6/16/2020
4/11/2020,279,2857,1827,18077,20934,29,390,11,119,2,32,239,49,40,11,80,6/16/2020
4/12/2020,287,3144,1572,19649,22793,35,425,13,132,5,37,256,54,44,10,90,6/16/2020
4/13/2020,186,3330,1026,20675,24005,35,460,13,145,3,40,275,61,43,9,99,6/16/2020
4/14/2020,268,3598,1784,22459,26057,27,487,16,161,5,45,281,62,43,8,107,6/16/2020
4/15/2020,307,3905,1767,24226,28131,31,518,19,180,3,48,290,67,43,17,124,6/16/2020
4/16/2020,392,4297,2358,26584,30881,36,554,25,205,6,54,295,70,43,14,138,6/16/2020
4/17/2020,290,4587,1751,28335,32922,31,585,21,226,7,61,298,62,45,21,159,6/16/2020
4/18/2020,284,4871,1658,29993,34864,26,611,18,244,4,65,302,67,43,15,174,6/16/2020
4/19/2020,339,5210,1997,31990,37200,23,634,26,270,1,66,298,71,44,11,185,6/16/2020
4/20/2020,380,5590,1843,33833,39423,46,680,29,299,2,68,313,72,45,10,195,6/16/2020
4/21/2020,388,5978,2048,35881,41859,45,725,31,330,5,73,322,77,48,18,213,6/16/2020
4/22/2020,383,6361,2282,38163,44524,41,766,32,362,5,78,326,77,52,17,230,6/16/2020
4/23/2020,419,6780,2395,40558,47338,31,797,28,390,5,83,324,78,53,14,244,6/16/2020
4/24/2020,416,7196,3204,43762,50958,35,832,27,417,4,87,328,81,56,15,259,6/16/2020
4/25/2020,306,7502,2202,45964,53466,34,866,17,434,5,92,340,84,55,14,273,6/16/2020
4/26/2020,276,7778,2213,48177,55955,33,899,15,449,3,95,355,80,55,14,287,6/16/2020
4/27/2020,204,7982,1590,49767,57749,29,928,21,470,4,99,359,98,62,10,297,6/16/2020
4/28/2020,329,8311,2151,51918,60229,44,972,24,494,3,102,376,76,51,22,319,6/16/2020
4/29/2020,372,8683,3171,55089,63772,36,1008,38,532,11,113,363,80,54,18,337,6/16/2020
4/30/2020,349,9032,2597,57686,66718,33,1041,38,570,6,119,352,83,59,24,361,6/16/2020
5/1/2020,317,9349,3098,60784,70133,51,1092,40,610,3,122,360,84,61,14,375,6/16/2020
5/2/2020,189,9538,1934,62718,72256,36,1128,38,648,5,127,353,89,62,24,399,6/16/2020
5/3/2020,182,9720,2172,64890,74610,31,1159,27,675,8,135,349,86,60,20,419,6/16/2020
5/4/2020,291,10011,2106,66996,77007,30,1189,31,706,5,140,343,82,56,18,437,6/16/2020
5/5/2020,304,10315,2885,69881,80196,28,1217,32,738,6,146,333,71,52,16,453,6/16/2020
5/6/2020,342,10657,2848,72729,83386,28,1245,44,782,9,155,308,77,56,19,472,6/16/2020
5/7/2020,271,10928,2909,75638,86566,36,1281,42,824,5,160,297,70,52,20,492,6/16/2020
5/8/2020,231,11159,2501,78139,89298,29,1310,29,853,4,164,293,73,52,20,512,6/16/2020
5/9/2020,288,11447,3292,81431,92878,22,1332,21,874,4,168,290,72,53,14,526,6/16/2020
5/10/2020,188,11635,2094,83525,95160,20,1352,23,897,6,174,281,68,48,13,539,6/16/2020
5/11/2020,173,11808,1810,85335,97143,31,1383,16,913,6,180,290,65,42,13,552,6/16/2020
5/12/2020,221,12029,2449,87784,99813,23,1406,18,931,4,184,291,63,41,21,573,6/16/2020
5/13/2020,194,12223,3528,91312,103535,22,1428,24,955,1,185,288,66,44,12,585,6/16/2020
5/14/2020,219,12442,3306,94618,107060,19,1447,27,982,3,188,277,64,45,14,599,6/16/2020
5/15/2020,227,12669,3462,98080,110749,24,1471,41,1023,5,193,255,62,46,13,612,6/16/2020
5/16/2020,251,12920,4024,102104,115024,25,1496,13,1036,5,198,262,59,44,12,624,6/16/2020
5/17/2020,127,13047,2790,104894,117941,17,1513,7,1043,5,203,267,58,45,10,634,6/16/2020
5/18/2020,139,13186,1921,106815,120001,19,1532,15,1058,5,208,266,56,41,18,652,6/16/2020
5/19/2020,212,13398,3116,109931,123329,23,1555,31,1089,5,213,253,56,40,10,662,6/16/2020
5/20/2020,186,13584,2789,112720,126304,19,1574,23,1112,7,220,242,51,34,21,683,6/16/2020
5/21/2020,170,13754,3830,116550,130304,26,1600,15,1127,3,223,250,49,32,19,702,6/16/2020
5/22/2020,204,13958,2984,119534,133492,19,1619,29,1156,5,228,235,--,--,7,709,6/16/2020
5/23/2020,108,14066,2734,122268,136334,19,1638,11,1167,3,231,240,50,36,12,721,6/16/2020
5/24/2020,84,14150,1359,123627,137777,12,1650,14,1181,2,233,236,49,35,8,729,6/16/2020
5/25/2020,70,14220,1366,124993,139213,12,1662,14,1195,0,233,234,53,36,8,737,6/16/2020
5/26/2020,152,14372,2562,127555,141927,23,1685,22,1217,5,238,230,47,33,15,752,6/16/2020
5/27/2020,132,14504,2065,129620,144124,20,1705,17,1234,3,241,230,50,32,9,761,6/16/2020
5/28/2020,132,14636,3289,132909,147545,17,1722,29,1263,4,245,214,46,29,7,768,6/16/2020
5/29/2020,178,14814,3902,136811,151625,18,1740,27,1290,5,250,200,46,29,11,779,6/16/2020
5/30/2020,104,14918,4134,140945,155863,15,1755,19,1309,4,254,192,48,31,10,789,6/16/2020
5/31/2020,77,14995,2306,143251,158246,10,1765,10,1319,0,254,192,44,30,3,792,6/16/2020
6/1/2020,100,15095,2722,145973,161068,8,1773,12,1331,1,255,187,42,29,4,796,6/16/2020
6/2/2020,109,15204,3022,148995,164199,8,1781,9,1340,3,258,183,37,23,10,806,6/16/2020
6/3/2020,103,15307,3407,152402,167709,13,1794,18,1358,6,264,172,--,--,10,816,6/16/2020
6/4/2020,115,15422,4505,156907,172329,7,1801,25,1383,3,267,151,--,--,11,827,6/16/2020
6/5/2020,106,15528,3841,160748,176276,13,1814,12,1395,5,272,147,28,20,9,836,6/16/2020
6/6/2020,67,15595,2602,163350,178945,9,1823,7,1402,2,274,147,31,19,6,842,6/16/2020
6/7/2020,48,15643,1567,164917,180560,11,1834,6,1408,1,275,151,27,16,4,846,6/16/2020
6/8/2020,41,15684,1720,166637,182321,14,1848,12,1420,2,277,151,26,16,3,849,6/16/2020
6/9/2020,66,15750,2506,169143,184893,9,1857,16,1436,0,277,144,28,17,1,850,6/16/2020
6/10/2020,102,15852,2873,172016,187868,12,1869,12,1448,2,279,142,--,--,3,853,6/16/2020
6/11/2020,87,15939,3628,175644,191583,6,1875,13,1461,1,280,134,--,--,4,857,6/16/2020
6/12/2020,76,16015,4311,179955,195970,8,1883,14,1475,1,281,127,21,14,2,859,6/16/2020
6/13/2020,46,16061,2727,182682,198743,6,1889,4,1479,0,281,129,16,13,2,861,6/16/2020
6/14/2020,31,16092,1828,184510,200602,,,,,,,,,,2,863,6/16/2020
6/15/2020,72,16164,2944,187454,203618,,,,,,,,,,2,865,6/16/2020
2/27/2020,0,0,0,0,0,1,1,0,0,0,0,1,--,--,0,0,6/17/2020
2/28/2020,0,0,0,0,0,0,1,0,0,0,0,1,--,--,0,0,6/17/2020
2/29/2020,0,0,0,0,0,0,1,0,0,0,0,1,--,--,0,0,6/17/2020
3/1/2020,2,2,0,0,2,0,1,0,0,0,0,1,--,--,0,0,6/17/2020
3/2/2020,0,2,1,1,3,1,2,0,0,0,0,2,--,--,0,0,6/17/2020
3/3/2020,0,2,2,3,5,0,2,0,0,0,0,2,--,--,0,0,6/17/2020
3/4/2020,0,2,4,7,9,1,3,0,0,0,0,3,--,--,0,0,6/17/2020
3/5/2020,1,3,5,12,15,0,3,0,0,0,0,3,--,--,0,0,6/17/2020
3/6/2020,0,3,12,24,27,0,3,0,0,0,0,3,--,--,0,0,6/17/2020
3/7/2020,0,3,13,37,40,0,3,0,0,0,0,3,--,--,0,0,6/17/2020
3/8/2020,0,3,22,59,62,0,3,0,0,0,0,3,--,--,0,0,6/17/2020
3/9/2020,1,4,12,71,75,0,3,0,0,0,0,3,--,--,0,0,6/17/2020
3/10/2020,1,5,18,89,94,0,3,0,0,0,0,3,--,--,0,0,6/17/2020
3/11/2020,0,5,31,120,125,1,4,0,0,0,0,4,--,--,0,0,6/17/2020
3/12/2020,8,13,42,162,175,1,5,0,0,0,0,5,--,--,0,0,6/17/2020
3/13/2020,6,19,49,211,230,4,9,1,1,0,0,8,--,--,0,0,6/17/2020
3/14/2020,0,19,86,297,316,0,9,0,1,0,0,8,--,--,0,0,6/17/2020
3/15/2020,1,20,127,424,444,1,10,0,1,0,0,9,--,--,0,0,6/17/2020
3/16/2020,2,22,67,491,513,2,12,0,1,0,0,11,--,--,0,0,6/17/2020
3/17/2020,12,34,126,617,651,6,18,0,1,0,0,17,--,--,0,0,6/17/2020
3/18/2020,11,45,130,747,792,3,21,0,1,0,0,20,--,--,0,0,6/17/2020
3/19/2020,16,61,248,995,1056,2,23,1,2,0,0,21,--,--,1,1,6/17/2020
3/20/2020,13,74,191,1186,1260,5,28,0,2,0,0,26,--,--,0,1,6/17/2020
3/21/2020,14,88,190,1376,1464,3,31,2,4,0,0,27,--,--,0,1,6/17/2020
3/22/2020,25,113,68,1444,1557,2,33,0,4,0,0,29,--,--,0,1,6/17/2020
3/23/2020,16,129,166,1610,1739,16,49,1,5,0,0,44,--,--,0,1,6/17/2020
3/24/2020,19,148,166,1776,1924,7,56,0,5,0,0,51,--,--,0,1,6/17/2020
3/25/2020,28,176,239,2015,2191,5,61,1,6,0,0,55,--,--,0,1,6/17/2020
3/26/2020,41,217,268,2283,2500,10,71,5,11,0,0,60,--,--,0,1,6/17/2020
3/27/2020,31,248,258,2541,2789,9,80,1,12,1,1,67,--,--,2,3,6/17/2020
3/28/2020,64,312,299,2840,3152,13,93,3,15,2,3,75,--,--,1,4,6/17/2020
3/29/2020,105,417,347,3187,3604,8,101,4,19,1,4,78,--,--,2,6,6/17/2020
3/30/2020,78,495,289,3476,3971,20,121,5,24,0,4,93,--,--,3,9,6/17/2020
3/31/2020,73,568,355,3831,4399,11,132,7,31,1,5,96,--,--,2,11,6/17/2020
4/1/2020,101,669,581,4412,5081,18,150,7,38,0,5,107,--,--,1,12,6/17/2020
4/2/2020,63,732,445,4857,5589,21,171,6,44,2,7,120,--,--,4,16,6/17/2020
4/3/2020,100,832,727,5584,6416,23,194,7,51,0,7,136,--,--,3,19,6/17/2020
4/4/2020,138,970,677,6261,7231,21,215,4,55,5,12,148,--,--,9,28,6/17/2020
4/5/2020,183,1153,1140,7401,8554,20,235,9,64,1,13,158,45,37,2,30,6/17/2020
4/6/2020,205,1358,1664,9065,10423,26,261,7,71,0,13,177,45,38,7,37,6/17/2020
4/7/2020,261,1619,1619,10684,12303,20,281,3,74,2,15,192,45,35,5,42,6/17/2020
4/8/2020,274,1893,1599,12283,14176,19,300,8,82,6,21,197,50,36,9,51,6/17/2020
4/9/2020,279,2172,1526,13809,15981,32,332,9,91,4,25,216,50,38,7,58,6/17/2020
4/10/2020,404,2576,2441,16250,18826,29,361,17,108,5,30,223,48,36,11,69,6/17/2020
4/11/2020,279,2855,1827,18077,20932,29,390,11,119,2,32,239,49,40,11,80,6/17/2020
4/12/2020,287,3142,1572,19649,22791,35,425,13,132,5,37,256,54,44,10,90,6/17/2020
4/13/2020,186,3328,1026,20675,24003,35,460,13,145,3,40,275,61,43,9,99,6/17/2020
4/14/2020,268,3596,1784,22459,26055,27,487,16,161,5,45,281,62,43,8,107,6/17/2020
4/15/2020,307,3903,1767,24226,28129,31,518,19,180,3,48,290,67,43,17,124,6/17/2020
4/16/2020,392,4295,2358,26584,30879,36,554,25,205,6,54,295,70,43,14,138,6/17/2020
4/17/2020,290,4585,1751,28335,32920,31,585,21,226,7,61,298,62,45,21,159,6/17/2020
4/18/2020,284,4869,1658,29993,34862,26,611,18,244,4,65,302,67,43,15,174,6/17/2020
4/19/2020,339,5208,1997,31990,37198,23,634,26,270,1,66,298,71,44,11,185,6/17/2020
4/20/2020,380,5588,1843,33833,39421,46,680,29,299,2,68,313,72,45,10,195,6/17/2020
4/21/2020,388,5976,2048,35881,41857,45,725,31,330,5,73,322,77,48,18,213,6/17/2020
4/22/2020,383,6359,2282,38163,44522,41,766,32,362,5,78,326,77,52,17,230,6/17/2020
4/23/2020,419,6778,2395,40558,47336,31,797,28,390,5,83,324,78,53,14,244,6/17/2020
4/24/2020,416,7194,3204,43762,50956,35,832,27,417,4,87,328,81,56,15,259,6/17/2020
4/25/2020,305,7499,2202,45964,53463,34,866,17,434,5,92,340,84,55,14,273,6/17/2020
4/26/2020,275,7774,2213,48177,55951,33,899,15,449,3,95,355,80,55,14,287,6/17/2020
4/27/2020,202,7976,1590,49767,57743,29,928,21,470,4,99,359,98,62,10,297,6/17/2020
4/28/2020,325,8301,2151,51918,60219,44,972,24,494,3,102,376,76,51,22,319,6/17/2020
4/29/2020,371,8672,3171,55089,63761,36,1008,38,532,11,113,363,80,54,18,337,6/17/2020
4/30/2020,349,9021,2597,57686,66707,33,1041,38,570,6,119,352,83,59,24,361,6/17/2020
5/1/2020,317,9338,3098,60784,70122,51,1092,40,610,3,122,360,84,61,14,375,6/17/2020
5/2/2020,189,9527,1934,62718,72245,36,1128,38,648,5,127,353,89,62,24,399,6/17/2020
5/3/2020,182,9709,2172,64890,74599,31,1159,26,674,8,135,350,86,60,20,419,6/17/2020
5/4/2020,291,10000,2106,66996,76996,30,1189,31,705,6,141,343,82,56,18,437,6/17/2020
5/5/2020,303,10303,2885,69881,80184,28,1217,32,737,6,147,333,71,52,16,453,6/17/2020
5/6/2020,343,10646,2848,72729,83375,28,1245,44,781,9,156,308,77,56,19,472,6/17/2020
5/7/2020,271,10917,2909,75638,86555,36,1281,42,823,5,161,297,70,52,20,492,6/17/2020
5/8/2020,231,11148,2501,78139,89287,29,1310,29,852,4,165,293,73,52,22,514,6/17/2020
5/9/2020,288,11436,3292,81431,92867,22,1332,21,873,4,169,290,72,53,14,528,6/17/2020
5/10/2020,187,11623,2094,83525,95148,20,1352,23,896,6,175,281,68,48,13,541,6/17/2020
5/11/2020,173,11796,1810,85335,97131,31,1383,16,912,6,181,290,65,42,13,554,6/17/2020
5/12/2020,221,12017,2449,87784,99801,23,1406,18,930,4,185,291,63,41,22,576,6/17/2020
5/13/2020,195,12212,3528,91312,103524,22,1428,24,954,1,186,288,66,44,12,588,6/17/2020
5/14/2020,219,12431,3306,94618,107049,19,1447,27,981,3,189,277,64,45,14,602,6/17/2020
5/15/2020,227,12658,3462,98080,110738,24,1471,41,1022,5,194,255,62,46,13,615,6/17/2020
5/16/2020,251,12909,4024,102104,115013,25,1496,13,1035,5,199,262,59,44,13,628,6/17/2020
5/17/2020,128,13037,2790,104894,117931,17,1513,7,1042,5,204,267,58,45,10,638,6/17/2020
5/18/2020,139,13176,1921,106815,119991,19,1532,15,1057,5,209,266,56,41,18,656,6/17/2020
5/19/2020,212,13388,3116,109931,123319,23,1555,31,1088,5,214,253,56,40,10,666,6/17/2020
5/20/2020,186,13574,2789,112720,126294,19,1574,23,1111,7,221,242,51,34,21,687,6/17/2020
5/21/2020,170,13744,3830,116550,130294,26,1600,15,1126,3,224,250,49,32,19,706,6/17/2020
5/22/2020,204,13948,2984,119534,133482,19,1619,29,1155,5,229,235,--,--,7,713,6/17/2020
5/23/2020,108,14056,2734,122268,136324,19,1638,11,1166,3,232,240,50,36,12,725,6/17/2020
5/24/2020,84,14140,1359,123627,137767,12,1650,14,1180,2,234,236,49,35,8,733,6/17/2020
5/25/2020,70,14210,1366,124993,139203,12,1662,14,1194,0,234,234,53,36,8,741,6/17/2020
5/26/2020,152,14362,2562,127555,141917,23,1685,22,1216,5,239,230,47,33,15,756,6/17/2020
5/27/2020,132,14494,2065,129620,144114,20,1705,17,1233,3,242,230,50,32,9,765,6/17/2020
5/28/2020,132,14626,3289,132909,147535,17,1722,29,1262,4,246,214,46,29,7,772,6/17/2020
5/29/2020,178,14804,3902,136811,151615,18,1740,27,1289,5,251,200,46,29,11,783,6/17/2020
5/30/2020,104,14908,4134,140945,155853,15,1755,19,1308,4,255,192,48,31,10,793,6/17/2020
5/31/2020,77,14985,2306,143251,158236,10,1765,10,1318,0,255,192,44,30,3,796,6/17/2020
6/1/2020,100,15085,2722,145973,161058,8,1773,12,1330,1,256,187,42,29,4,800,6/17/2020
6/2/2020,109,15194,3022,148995,164189,8,1781,9,1339,3,259,183,37,23,10,810,6/17/2020
6/3/2020,103,15297,3407,152402,167699,13,1794,18,1357,6,265,172,--,--,10,820,6/17/2020
6/4/2020,117,15414,4505,156907,172321,7,1801,25,1382,3,268,151,--,--,11,831,6/17/2020
6/5/2020,107,15521,3841,160748,176269,14,1815,12,1394,5,273,148,28,20,9,840,6/17/2020
6/6/2020,69,15590,2602,163350,178940,10,1825,7,1401,2,275,149,31,19,6,846,6/17/2020
6/7/2020,48,15638,1567,164917,180555,11,1836,7,1408,1,276,152,27,16,4,850,6/17/2020
6/8/2020,44,15682,1720,166637,182319,15,1851,12,1420,2,278,153,26,16,3,853,6/17/2020
6/9/2020,67,15749,2506,169143,184892,10,1861,18,1438,0,278,145,28,17,1,854,6/17/2020
6/10/2020,100,15849,2873,172016,187865,13,1874,12,1450,2,280,144,--,--,3,857,6/17/2020
6/11/2020,87,15936,3628,175644,191580,6,1880,14,1464,1,281,135,--,--,5,862,6/17/2020
6/12/2020,76,16012,4311,179955,195967,8,1888,14,1478,1,282,128,21,14,2,864,6/17/2020
6/13/2020,47,16059,2727,182682,198741,6,1894,4,1482,0,282,130,16,13,2,866,6/17/2020
6/14/2020,29,16088,1828,184510,200598,4,1898,7,1489,1,283,126,17,13,3,869,6/17/2020
6/15/2020,76,16164,2944,187454,203618,,,,,,,,,,3,872,6/17/2020
6/16/2020,49,16213,2803,190257,206470,,,,,,,,,,4,876,6/17/2020
2/27/2020,0,0,0,0,0,1,1,0,0,0,0,1,--,--,0,0,6/18/2020
2/28/2020,0,0,0,0,0,0,1,0,0,0,0,1,--,--,0,0,6/18/2020
2/29/2020,0,0,0,0,0,0,1,0,0,0,0,1,--,--,0,0,6/18/2020
3/1/2020,2,2,3,3,5,0,1,0,0,0,0,1,--,--,0,0,6/18/2020
3/2/2020,0,2,4,7,9,1,2,0,0,0,0,2,--,--,0,0,6/18/2020
3/3/2020,0,2,2,9,11,0,2,0,0,0,0,2,--,--,0,0,6/18/2020
3/4/2020,0,2,12,21,23,1,3,0,0,0,0,3,--,--,0,0,6/18/2020
3/5/2020,1,3,5,26,29,0,3,0,0,0,0,3,--,--,0,0,6/18/2020
3/6/2020,0,3,12,38,41,0,3,0,0,0,0,3,--,--,0,0,6/18/2020
3/7/2020,0,3,19,57,60,0,3,0,0,0,0,3,--,--,0,0,6/18/2020
3/8/2020,0,3,19,76,79,0,3,0,0,0,0,3,--,--,0,0,6/18/2020
3/9/2020,1,4,27,103,107,0,3,0,0,0,0,3,--,--,0,0,6/18/2020
3/10/2020,1,5,25,128,133,0,3,0,0,0,0,3,--,--,0,0,6/18/2020
3/11/2020,0,5,34,162,167,1,4,0,0,0,0,4,--,--,0,0,6/18/2020
3/12/2020,8,13,42,204,217,1,5,0,0,0,0,5,--,--,0,0,6/18/2020
3/13/2020,6,19,50,254,273,4,9,1,1,0,0,8,--,--,0,0,6/18/2020
3/14/2020,0,19,90,344,363,0,9,0,1,0,0,8,--,--,0,0,6/18/2020
3/15/2020,1,20,54,398,418,1,10,0,1,0,0,9,--,--,0,0,6/18/2020
3/16/2020,2,22,95,493,515,2,12,0,1,0,0,11,--,--,0,0,6/18/2020
3/17/2020,12,34,162,655,689,6,18,0,1,0,0,17,--,--,0,0,6/18/2020
3/18/2020,11,45,116,771,816,3,21,0,1,0,0,20,--,--,0,0,6/18/2020
3/19/2020,16,61,263,1034,1095,2,23,1,2,0,0,21,--,--,1,1,6/18/2020
3/20/2020,13,74,197,1231,1305,5,28,0,2,0,0,26,--,--,0,1,6/18/2020
3/21/2020,14,88,126,1357,1445,3,31,2,4,0,0,27,--,--,0,1,6/18/2020
3/22/2020,25,113,283,1640,1753,2,33,0,4,0,0,29,--,--,0,1,6/18/2020
3/23/2020,16,129,177,1817,1946,16,49,1,5,0,0,44,--,--,0,1,6/18/2020
3/24/2020,19,148,245,2062,2210,7,56,0,5,0,0,51,--,--,0,1,6/18/2020
3/25/2020,28,176,186,2248,2424,5,61,1,6,0,0,55,--,--,0,1,6/18/2020
3/26/2020,41,217,185,2433,2650,10,71,5,11,0,0,60,--,--,0,1,6/18/2020
3/27/2020,31,248,219,2652,2900,9,80,1,12,1,1,67,--,--,2,3,6/18/2020
3/28/2020,64,312,263,2915,3227,13,93,3,15,2,3,75,--,--,1,4,6/18/2020
3/29/2020,105,417,360,3275,3692,8,101,4,19,1,4,78,--,--,2,6,6/18/2020
3/30/2020,78,495,225,3500,3995,20,121,5,24,0,4,93,--,--,3,9,6/18/2020
3/31/2020,73,568,372,3872,4440,11,132,7,31,1,5,96,--,--,2,11,6/18/2020
4/1/2020,101,669,706,4578,5247,18,150,7,38,0,5,107,--,--,1,12,6/18/2020
4/2/2020,63,732,483,5061,5793,21,171,6,44,2,7,120,--,--,4,16,6/18/2020
4/3/2020,100,832,793,5854,6686,23,194,7,51,0,7,136,--,--,3,19,6/18/2020
4/4/2020,138,970,662,6516,7486,21,215,4,55,5,12,148,--,--,9,28,6/18/2020
4/5/2020,183,1153,1161,7677,8830,20,235,9,64,1,13,158,45,37,2,30,6/18/2020
4/6/2020,206,1359,1711,9388,10747,26,261,7,71,0,13,177,45,38,7,37,6/18/2020
4/7/2020,260,1619,1646,11034,12653,20,281,3,74,2,15,192,45,35,5,42,6/18/2020
4/8/2020,274,1893,1727,12761,14654,19,300,8,82,6,21,197,50,36,9,51,6/18/2020
4/9/2020,279,2172,1531,14292,16464,32,332,9,91,4,25,216,50,38,7,58,6/18/2020
4/10/2020,404,2576,2581,16873,19449,29,361,17,108,5,30,223,48,36,11,69,6/18/2020
4/11/2020,279,2855,1918,18791,21646,29,390,11,119,2,32,239,49,40,11,80,6/18/2020
4/12/2020,287,3142,1681,20472,23614,35,425,13,132,5,37,256,54,44,10,90,6/18/2020
4/13/2020,186,3328,943,21415,24743,35,460,13,145,3,40,275,61,43,9,99,6/18/2020
4/14/2020,268,3596,1811,23226,26822,27,487,16,161,5,45,281,62,43,8,107,6/18/2020
4/15/2020,307,3903,1808,25034,28937,31,518,19,180,3,48,290,67,43,17,124,6/18/2020
4/16/2020,392,4295,2505,27539,31834,36,554,25,205,6,54,295,70,43,14,138,6/18/2020
4/17/2020,290,4585,1830,29369,33954,31,585,21,226,7,61,298,62,45,21,159,6/18/2020
4/18/2020,284,4869,1733,31102,35971,26,611,18,244,4,65,302,67,43,15,174,6/18/2020
4/19/2020,339,5208,2067,33169,38377,23,634,26,270,1,66,298,71,44,11,185,6/18/2020
4/20/2020,380,5588,1913,35082,40670,46,680,29,299,2,68,313,72,45,10,195,6/18/2020
4/21/2020,388,5976,2127,37209,43185,45,725,31,330,5,73,322,77,48,18,213,6/18/2020
4/22/2020,383,6359,2408,39617,45976,41,766,32,362,5,78,326,77,52,17,230,6/18/2020
4/23/2020,419,6778,2478,42095,48873,31,797,28,390,5,83,324,78,53,14,244,6/18/2020
4/24/2020,416,7194,3298,45393,52587,35,832,27,417,4,87,328,81,56,15,259,6/18/2020
4/25/2020,305,7499,2218,47611,55110,34,866,17,434,5,92,340,84,55,14,273,6/18/2020
4/26/2020,274,7773,2318,49929,57702,33,899,15,449,3,95,355,80,55,14,287,6/18/2020
4/27/2020,203,7976,1632,51561,59537,29,928,21,470,4,99,359,98,62,10,297,6/18/2020
4/28/2020,324,8300,2275,53836,62136,44,972,24,494,3,102,376,76,51,22,319,6/18/2020
4/29/2020,371,8671,3365,57201,65872,36,1008,38,532,11,113,363,80,54,18,337,6/18/2020
4/30/2020,349,9020,2776,59977,68997,33,1041,38,570,6,119,352,83,59,24,361,6/18/2020
5/1/2020,317,9337,3098,63075,72412,51,1092,39,609,3,122,361,84,61,14,375,6/18/2020
5/2/2020,189,9526,1934,65009,74535,36,1128,39,648,5,127,353,89,62,24,399,6/18/2020
5/3/2020,182,9708,2172,67181,76889,31,1159,26,674,8,135,350,86,60,20,419,6/18/2020
5/4/2020,291,9999,2106,69287,79286,30,1189,31,705,6,141,343,82,56,18,437,6/18/2020
5/5/2020,304,10303,2885,72172,82475,28,1217,32,737,6,147,333,71,52,16,453,6/18/2020
5/6/2020,343,10646,2848,75020,85666,28,1245,44,781,9,156,308,77,56,20,473,6/18/2020
5/7/2020,271,10917,2909,77929,88846,36,1281,42,823,5,161,297,70,52,21,494,6/18/2020
5/8/2020,231,11148,2501,80430,91578,29,1310,29,852,4,165,293,73,52,22,516,6/18/2020
5/9/2020,288,11436,3292,83722,95158,22,1332,21,873,4,169,290,72,53,14,530,6/18/2020
5/10/2020,188,11624,2094,85816,97440,20,1352,23,896,6,175,281,68,48,13,543,6/18/2020
5/11/2020,173,11797,1810,87626,99423,31,1383,16,912,6,181,290,65,42,13,556,6/18/2020
5/12/2020,221,12018,2449,90075,102093,23,1406,18,930,4,185,291,63,41,22,578,6/18/2020
5/13/2020,195,12213,3528,93603,105816,22,1428,24,954,1,186,288,66,44,12,590,6/18/2020
5/14/2020,219,12432,3306,96909,109341,19,1447,27,981,3,189,277,64,45,14,604,6/18/2020
5/15/2020,227,12659,3462,100371,113030,24,1471,41,1022,5,194,255,62,46,13,617,6/18/2020
5/16/2020,251,12910,4024,104395,117305,25,1496,13,1035,5,199,262,59,44,13,630,6/18/2020
5/17/2020,128,13038,2790,107185,120223,17,1513,7,1042,5,204,267,58,45,10,640,6/18/2020
5/18/2020,139,13177,1921,109106,122283,19,1532,15,1057,5,209,266,56,41,18,658,6/18/2020
5/19/2020,212,13389,3116,112222,125611,23,1555,31,1088,5,214,253,56,40,10,668,6/18/2020
5/20/2020,186,13575,2789,115011,128586,19,1574,23,1111,7,221,242,51,34,22,690,6/18/2020
5/21/2020,170,13745,3830,118841,132586,26,1600,15,1126,3,224,250,49,32,19,709,6/18/2020
5/22/2020,203,13948,2984,121825,135773,19,1619,29,1155,5,229,235,--,--,7,716,6/18/2020
5/23/2020,108,14056,2734,124559,138615,19,1638,11,1166,3,232,240,50,36,13,729,6/18/2020
5/24/2020,84,14140,1359,125918,140058,12,1650,14,1180,2,234,236,49,35,8,737,6/18/2020
5/25/2020,70,14210,1366,127284,141494,12,1662,14,1194,0,234,234,53,36,9,746,6/18/2020
5/26/2020,152,14362,2562,129846,144208,23,1685,22,1216,5,239,230,47,33,15,761,6/18/2020
5/27/2020,132,14494,2065,131911,146405,20,1705,17,1233,3,242,230,50,32,9,770,6/18/2020
5/28/2020,132,14626,3289,135200,149826,17,1722,29,1262,4,246,214,46,29,7,777,6/18/2020
5/29/2020,178,14804,3902,139102,153906,18,1740,27,1289,5,251,200,46,29,11,788,6/18/2020
5/30/2020,104,14908,4134,143236,158144,15,1755,19,1308,4,255,192,48,31,10,798,6/18/2020
5/31/2020,76,14984,2306,145542,160526,10,1765,10,1318,0,255,192,44,30,3,801,6/18/2020
6/1/2020,100,15084,2722,148264,163348,8,1773,12,1330,1,256,187,42,29,4,805,6/18/2020
6/2/2020,109,15193,3022,151286,166479,8,1781,9,1339,3,259,183,37,23,10,815,6/18/2020
6/3/2020,103,15296,3407,154693,169989,13,1794,18,1357,6,265,172,--,--,10,825,6/18/2020
6/4/2020,117,15413,4505,159198,174611,7,1801,25,1382,3,268,151,--,--,11,836,6/18/2020
6/5/2020,107,15520,3841,163039,178559,14,1815,12,1394,5,273,148,28,20,9,845,6/18/2020
6/6/2020,69,15589,2602,165641,181230,10,1825,7,1401,2,275,149,31,19,6,851,6/18/2020
6/7/2020,48,15637,1567,167208,182845,11,1836,7,1408,1,276,152,27,16,4,855,6/18/2020
6/8/2020,44,15681,1720,168928,184609,15,1851,12,1420,2,278,153,26,16,3,858,6/18/2020
6/9/2020,67,15748,2506,171434,187182,10,1861,18,1438,0,278,145,28,17,1,859,6/18/2020
6/10/2020,102,15850,2873,174307,190157,13,1874,12,1450,2,280,144,--,--,3,862,6/18/2020
6/11/2020,87,15937,3628,177935,193872,6,1880,14,1464,1,281,135,--,--,5,867,6/18/2020
6/12/2020,79,16016,4311,182246,198262,8,1888,14,1478,1,282,128,21,14,2,869,6/18/2020
6/13/2020,47,16063,2727,184973,201036,6,1894,4,1482,0,282,130,16,13,2,871,6/18/2020
6/14/2020,32,16095,1828,186801,202896,4,1898,7,1489,1,283,126,17,13,3,874,6/18/2020
6/15/2020,75,16170,2944,189745,205915,13,1911,13,1502,0,283,126,23,13,3,877,6/18/2020
6/16/2020,49,16219,2803,192548,208767,,,,,,,,,,6,883,6/18/2020
6/17/2020,50,16269,2776,195324,211593,,,,,,,,,,2,885,6/18/2020
2/27/2020,0,0,0,0,0,1,1,0,0,0,0,1,--,--,0,0,6/19/2020
2/28/2020,0,0,0,0,0,0,1,0,0,0,0,1,--,--,0,0,6/19/2020
2/29/2020,0,0,0,0,0,0,1,0,0,0,0,1,--,--,0,0,6/19/2020
3/1/2020,2,2,3,3,5,0,1,0,0,0,0,1,--,--,0,0,6/19/2020
3/2/2020,0,2,4,7,9,1,2,0,0,0,0,2,--,--,0,0,6/19/2020
3/3/2020,0,2,2,9,11,0,2,0,0,0,0,2,--,--,0,0,6/19/2020
3/4/2020,0,2,12,21,23,1,3,0,0,0,0,3,--,--,0,0,6/19/2020
3/5/2020,1,3,5,26,29,0,3,0,0,0,0,3,--,--,0,0,6/19/2020
3/6/2020,0,3,12,38,41,0,3,0,0,0,0,3,--,--,0,0,6/19/2020
3/7/2020,0,3,19,57,60,0,3,0,0,0,0,3,--,--,0,0,6/19/2020
3/8/2020,0,3,19,76,79,0,3,0,0,0,0,3,--,--,0,0,6/19/2020
3/9/2020,1,4,27,103,107,0,3,0,0,0,0,3,--,--,0,0,6/19/2020
3/10/2020,1,5,25,128,133,0,3,0,0,0,0,3,--,--,0,0,6/19/2020
3/11/2020,0,5,34,162,167,1,4,0,0,0,0,4,--,--,0,0,6/19/2020
3/12/2020,8,13,42,204,217,1,5,0,0,0,0,5,--,--,0,0,6/19/2020
3/13/2020,6,19,50,254,273,4,9,1,1,0,0,8,--,--,0,0,6/19/2020
3/14/2020,0,19,90,344,363,0,9,0,1,0,0,8,--,--,0,0,6/19/2020
3/15/2020,1,20,54,398,418,1,10,0,1,0,0,9,--,--,0,0,6/19/2020
3/16/2020,2,22,95,493,515,2,12,0,1,0,0,11,--,--,0,0,6/19/2020
3/17/2020,12,34,162,655,689,6,18,0,1,0,0,17,--,--,0,0,6/19/2020
3/18/2020,11,45,116,771,816,3,21,0,1,0,0,20,--,--,0,0,6/19/2020
3/19/2020,16,61,263,1034,1095,2,23,1,2,0,0,21,--,--,1,1,6/19/2020
3/20/2020,13,74,197,1231,1305,5,28,0,2,0,0,26,--,--,0,1,6/19/2020
3/21/2020,14,88,126,1357,1445,3,31,2,4,0,0,27,--,--,0,1,6/19/2020
3/22/2020,25,113,283,1640,1753,2,33,0,4,0,0,29,--,--,0,1,6/19/2020
3/23/2020,16,129,177,1817,1946,16,49,1,5,0,0,44,--,--,0,1,6/19/2020
3/24/2020,19,148,245,2062,2210,7,56,0,5,0,0,51,--,--,0,1,6/19/2020
3/25/2020,28,176,186,2248,2424,5,61,1,6,0,0,55,--,--,0,1,6/19/2020
3/26/2020,41,217,185,2433,2650,10,71,5,11,0,0,60,--,--,0,1,6/19/2020
3/27/2020,31,248,219,2652,2900,9,80,1,12,1,1,67,--,--,2,3,6/19/2020
3/28/2020,64,312,263,2915,3227,13,93,3,15,2,3,75,--,--,1,4,6/19/2020
3/29/2020,105,417,360,3275,3692,8,101,4,19,1,4,78,--,--,2,6,6/19/2020
3/30/2020,78,495,225,3500,3995,20,121,5,24,0,4,93,--,--,3,9,6/19/2020
3/31/2020,73,568,372,3872,4440,11,132,7,31,1,5,96,--,--,2,11,6/19/2020
4/1/2020,101,669,706,4578,5247,18,150,7,38,0,5,107,--,--,1,12,6/19/2020
4/2/2020,63,732,483,5061,5793,21,171,6,44,2,7,120,--,--,4,16,6/19/2020
4/3/2020,100,832,793,5854,6686,23,194,7,51,0,7,136,--,--,3,19,6/19/2020
4/4/2020,138,970,662,6516,7486,22,216,4,55,5,12,149,--,--,9,28,6/19/2020
4/5/2020,183,1153,1161,7677,8830,20,236,9,64,1,13,159,45,37,2,30,6/19/2020
4/6/2020,206,1359,1711,9388,10747,26,262,7,71,0,13,178,45,38,7,37,6/19/2020
4/7/2020,260,1619,1646,11034,12653,20,282,3,74,2,15,193,45,35,5,42,6/19/2020
4/8/2020,274,1893,1727,12761,14654,19,301,8,82,6,21,198,50,36,9,51,6/19/2020
4/9/2020,279,2172,1531,14292,16464,32,333,9,91,4,25,217,50,38,7,58,6/19/2020
4/10/2020,404,2576,2581,16873,19449,29,362,17,108,5,30,224,48,36,11,69,6/19/2020
4/11/2020,279,2855,1918,18791,21646,29,391,11,119,2,32,240,49,40,11,80,6/19/2020
4/12/2020,287,3142,1681,20472,23614,35,426,13,132,5,37,257,54,44,10,90,6/19/2020
4/13/2020,186,3328,943,21415,24743,35,461,13,145,3,40,276,61,43,9,99,6/19/2020
4/14/2020,268,3596,1811,23226,26822,27,488,17,162,5,45,281,62,43,8,107,6/19/2020
4/15/2020,307,3903,1808,25034,28937,31,519,19,181,3,48,290,67,43,17,124,6/19/2020
4/16/2020,392,4295,2505,27539,31834,36,555,25,206,6,54,295,70,43,14,138,6/19/2020
4/17/2020,290,4585,1830,29369,33954,31,586,21,227,7,61,298,62,45,21,159,6/19/2020
4/18/2020,284,4869,1733,31102,35971,26,612,18,245,4,65,302,67,43,15,174,6/19/2020
4/19/2020,339,5208,2067,33169,38377,23,635,26,271,1,66,298,71,44,11,185,6/19/2020
4/20/2020,380,5588,1913,35082,40670,46,681,29,300,2,68,313,72,45,10,195,6/19/2020
4/21/2020,388,5976,2127,37209,43185,45,726,31,331,5,73,322,77,48,18,213,6/19/2020
4/22/2020,383,6359,2408,39617,45976,41,767,32,363,5,78,326,77,52,17,230,6/19/2020
4/23/2020,419,6778,2478,42095,48873,31,798,28,391,5,83,324,78,53,14,244,6/19/2020
4/24/2020,416,7194,3298,45393,52587,35,833,27,418,4,87,328,81,56,15,259,6/19/2020
4/25/2020,305,7499,2218,47611,55110,34,867,17,435,5,92,340,84,55,14,273,6/19/2020
4/26/2020,274,7773,2318,49929,57702,33,900,15,450,3,95,355,80,55,14,287,6/19/2020
4/27/2020,203,7976,1632,51561,59537,29,929,21,471,4,99,359,98,62,10,297,6/19/2020
4/28/2020,324,8300,2275,53836,62136,44,973,24,495,3,102,376,76,51,22,319,6/19/2020
4/29/2020,371,8671,3365,57201,65872,36,1009,38,533,11,113,363,80,54,18,337,6/19/2020
4/30/2020,349,9020,2776,59977,68997,33,1042,38,571,6,119,352,83,59,24,361,6/19/2020
5/1/2020,317,9337,3098,63075,72412,51,1093,39,610,3,122,361,84,61,14,375,6/19/2020
5/2/2020,189,9526,1934,65009,74535,36,1129,39,649,5,127,353,89,62,24,399,6/19/2020
5/3/2020,182,9708,2172,67181,76889,31,1160,27,676,8,135,349,86,60,20,419,6/19/2020
5/4/2020,291,9999,2106,69287,79286,30,1190,31,707,5,140,343,82,56,18,437,6/19/2020
5/5/2020,304,10303,2885,72172,82475,28,1218,32,739,6,146,333,71,52,16,453,6/19/2020
5/6/2020,343,10646,2848,75020,85666,28,1246,44,783,9,155,308,77,56,20,473,6/19/2020
5/7/2020,271,10917,2909,77929,88846,36,1282,42,825,5,160,297,70,52,21,494,6/19/2020
5/8/2020,231,11148,2501,80430,91578,30,1312,29,854,5,165,293,73,52,22,516,6/19/2020
5/9/2020,288,11436,3292,83722,95158,22,1334,21,875,4,169,290,72,53,14,530,6/19/2020
5/10/2020,188,11624,2094,85816,97440,20,1354,23,898,6,175,281,68,48,13,543,6/19/2020
5/11/2020,173,11797,1810,87626,99423,31,1385,16,914,6,181,290,65,42,13,556,6/19/2020
5/12/2020,221,12018,2449,90075,102093,23,1408,18,932,4,185,291,63,41,22,578,6/19/2020
5/13/2020,195,12213,3528,93603,105816,22,1430,24,956,1,186,288,66,44,12,590,6/19/2020
5/14/2020,218,12431,3306,96909,109340,19,1449,27,983,3,189,277,64,45,14,604,6/19/2020
5/15/2020,227,12658,3462,100371,113029,24,1473,41,1024,5,194,255,62,46,13,617,6/19/2020
5/16/2020,251,12909,4024,104395,117304,25,1498,13,1037,5,199,262,59,44,13,630,6/19/2020
5/17/2020,128,13037,2790,107185,120222,17,1515,7,1044,5,204,267,58,45,10,640,6/19/2020
5/18/2020,139,13176,1921,109106,122282,19,1534,15,1059,5,209,266,56,41,18,658,6/19/2020
5/19/2020,213,13389,3116,112222,125611,23,1557,31,1090,5,214,253,56,40,10,668,6/19/2020
5/20/2020,186,13575,2789,115011,128586,19,1576,23,1113,7,221,242,51,34,22,690,6/19/2020
5/21/2020,170,13745,3830,118841,132586,26,1602,15,1128,3,224,250,49,32,19,709,6/19/2020
5/22/2020,202,13947,2984,121825,135772,19,1621,29,1157,5,229,235,--,--,7,716,6/19/2020
5/23/2020,108,14055,2734,124559,138614,19,1640,11,1168,3,232,240,50,36,13,729,6/19/2020
5/24/2020,84,14139,1359,125918,140057,12,1652,14,1182,2,234,236,49,35,8,737,6/19/2020
5/25/2020,70,14209,1366,127284,141493,12,1664,14,1196,0,234,234,53,36,9,746,6/19/2020
5/26/2020,152,14361,2562,129846,144207,23,1687,22,1218,5,239,230,47,33,15,761,6/19/2020
5/27/2020,132,14493,2065,131911,146404,20,1707,17,1235,3,242,230,50,32,9,770,6/19/2020
5/28/2020,132,14625,3289,135200,149825,17,1724,29,1264,4,246,214,46,29,7,777,6/19/2020
5/29/2020,178,14803,3902,139102,153905,18,1742,27,1291,5,251,200,46,29,11,788,6/19/2020
5/30/2020,104,14907,4134,143236,158143,15,1757,19,1310,4,255,192,48,31,10,798,6/19/2020
5/31/2020,76,14983,2306,145542,160525,10,1767,10,1320,0,255,192,44,30,3,801,6/19/2020
6/1/2020,99,15082,2722,148264,163346,8,1775,12,1332,1,256,187,42,29,4,805,6/19/2020
6/2/2020,108,15190,3022,151286,166476,8,1783,9,1341,3,259,183,37,23,10,815,6/19/2020
6/3/2020,103,15293,3407,154693,169986,13,1796,18,1359,6,265,172,--,--,10,825,6/19/2020
6/4/2020,116,15409,4505,159198,174607,7,1803,25,1384,3,268,151,--,--,11,836,6/19/2020
6/5/2020,107,15516,3841,163039,178555,14,1817,12,1396,5,273,148,28,20,9,845,6/19/2020
6/6/2020,69,15585,2602,165641,181226,10,1827,7,1403,2,275,149,31,19,6,851,6/19/2020
6/7/2020,48,15633,1567,167208,182841,11,1838,7,1410,1,276,152,27,16,4,855,6/19/2020
6/8/2020,44,15677,1720,168928,184605,15,1853,12,1422,2,278,153,26,16,3,858,6/19/2020
6/9/2020,67,15744,2506,171434,187178,10,1863,18,1440,0,278,145,28,17,1,859,6/19/2020
6/10/2020,102,15846,2873,174307,190153,13,1876,12,1452,2,280,144,--,--,3,862,6/19/2020
6/11/2020,87,15933,3628,177935,193868,7,1883,14,1466,1,281,136,--,--,5,867,6/19/2020
6/12/2020,79,16012,4311,182246,198258,8,1891,14,1480,1,282,129,21,14,2,869,6/19/2020
6/13/2020,47,16059,2727,184973,201032,6,1897,4,1484,0,282,131,16,13,2,871,6/19/2020
6/14/2020,32,16091,1828,186801,202892,5,1902,7,1491,1,283,128,17,13,3,874,6/19/2020
6/15/2020,75,16166,2944,189745,205911,12,1914,14,1505,0,283,126,23,13,3,877,6/19/2020
6/16/2020,53,16219,2803,192548,208767,8,1922,10,1515,1,284,123,23,12,7,884,6/19/2020
6/17/2020,50,16269,2776,195324,211593,,,,,,,,,,4,888,6/19/2020
6/18/2020,68,16337,2928,198252,214589,,,,,,,,,,6,894,6/19/2020
2/27/2020,0,0,0,0,0,1,1,0,0,0,0,1,--,--,0,0,6/22/2020
2/28/2020,0,0,0,0,0,0,1,0,0,0,0,1,--,--,0,0,6/22/2020
2/29/2020,0,0,0,0,0,0,1,0,0,0,0,1,--,--,0,0,6/22/2020
3/1/2020,2,2,2,2,4,0,1,0,0,0,0,1,--,--,0,0,6/22/2020
3/2/2020,0,2,1,3,5,1,2,0,0,0,0,2,--,--,0,0,6/22/2020
3/3/2020,0,2,2,5,7,0,2,0,0,0,0,2,--,--,0,0,6/22/2020
3/4/2020,0,2,12,17,19,1,3,0,0,0,0,3,--,--,0,0,6/22/2020
3/5/2020,1,3,4,21,24,0,3,0,0,0,0,3,--,--,0,0,6/22/2020
3/6/2020,0,3,12,33,36,0,3,0,0,0,0,3,--,--,0,0,6/22/2020
3/7/2020,0,3,19,52,55,0,3,0,0,0,0,3,--,--,0,0,6/22/2020
3/8/2020,0,3,18,70,73,0,3,0,0,0,0,3,--,--,0,0,6/22/2020
3/9/2020,1,4,15,85,89,0,3,0,0,0,0,3,--,--,0,0,6/22/2020
3/10/2020,1,5,25,110,115,0,3,0,0,0,0,3,--,--,0,0,6/22/2020
3/11/2020,0,5,34,144,149,1,4,0,0,0,0,4,--,--,0,0,6/22/2020
3/12/2020,8,13,42,186,199,1,5,0,0,0,0,5,--,--,0,0,6/22/2020
3/13/2020,6,19,50,236,255,4,9,1,1,0,0,8,--,--,0,0,6/22/2020
3/14/2020,0,19,90,326,345,0,9,0,1,0,0,8,--,--,0,0,6/22/2020
3/15/2020,1,20,54,380,400,1,10,0,1,0,0,9,--,--,0,0,6/22/2020
3/16/2020,2,22,95,475,497,2,12,0,1,0,0,11,--,--,0,0,6/22/2020
3/17/2020,11,33,162,637,670,6,18,0,1,0,0,17,--,--,0,0,6/22/2020
3/18/2020,11,44,116,753,797,3,21,0,1,0,0,20,--,--,0,0,6/22/2020
3/19/2020,17,61,262,1015,1076,2,23,1,2,0,0,21,--,--,1,1,6/22/2020
3/20/2020,13,74,197,1212,1286,5,28,0,2,0,0,26,--,--,0,1,6/22/2020
3/21/2020,14,88,126,1338,1426,3,31,2,4,0,0,27,--,--,0,1,6/22/2020
3/22/2020,25,113,282,1620,1733,2,33,0,4,0,0,29,--,--,0,1,6/22/2020
3/23/2020,16,129,174,1794,1923,16,49,1,5,0,0,44,--,--,0,1,6/22/2020
3/24/2020,19,148,244,2038,2186,7,56,0,5,0,0,51,--,--,0,1,6/22/2020
3/25/2020,28,176,184,2222,2398,5,61,1,6,0,0,55,--,--,0,1,6/22/2020
3/26/2020,41,217,181,2403,2620,10,71,5,11,0,0,60,--,--,0,1,6/22/2020
3/27/2020,31,248,215,2618,2866,9,80,1,12,1,1,67,--,--,2,3,6/22/2020
3/28/2020,64,312,261,2879,3191,13,93,3,15,2,3,75,--,--,1,4,6/22/2020
3/29/2020,105,417,357,3236,3653,8,101,4,19,1,4,78,--,--,2,6,6/22/2020
3/30/2020,78,495,223,3459,3954,20,121,5,24,0,4,93,--,--,3,9,6/22/2020
3/31/2020,73,568,370,3829,4397,11,132,7,31,1,5,96,--,--,2,11,6/22/2020
4/1/2020,101,669,703,4532,5201,18,150,7,38,0,5,107,--,--,1,12,6/22/2020
4/2/2020,62,731,476,5008,5739,21,171,6,44,2,7,120,--,--,4,16,6/22/2020
4/3/2020,101,832,779,5787,6619,23,194,7,51,0,7,136,--,--,3,19,6/22/2020
4/4/2020,137,969,660,6447,7416,22,216,4,55,5,12,149,--,--,9,28,6/22/2020
4/5/2020,182,1151,1158,7605,8756,20,236,9,64,1,13,159,45,37,2,30,6/22/2020
4/6/2020,206,1357,1710,9315,10672,26,262,7,71,0,13,178,45,38,7,37,6/22/2020
4/7/2020,260,1617,1633,10948,12565,20,282,3,74,2,15,193,45,35,5,42,6/22/2020
4/8/2020,274,1891,1725,12673,14564,19,301,8,82,6,21,198,50,36,9,51,6/22/2020
4/9/2020,279,2170,1524,14197,16367,32,333,9,91,4,25,217,50,38,7,58,6/22/2020
4/10/2020,404,2574,2580,16777,19351,29,362,17,108,5,30,224,48,36,11,69,6/22/2020
4/11/2020,280,2854,1918,18695,21549,29,391,11,119,2,32,240,49,40,11,80,6/22/2020
4/12/2020,288,3142,1678,20373,23515,35,426,13,132,5,37,257,54,44,10,90,6/22/2020
4/13/2020,187,3329,942,21315,24644,35,461,13,145,3,40,276,61,43,9,99,6/22/2020
4/14/2020,268,3597,1795,23110,26707,27,488,17,162,5,45,281,62,43,8,107,6/22/2020
4/15/2020,307,3904,1805,24915,28819,31,519,19,181,3,48,290,67,43,17,124,6/22/2020
4/16/2020,392,4296,2504,27419,31715,36,555,25,206,6,54,295,70,43,14,138,6/22/2020
4/17/2020,290,4586,1829,29248,33834,31,586,21,227,7,61,298,62,45,21,159,6/22/2020
4/18/2020,284,4870,1731,30979,35849,26,612,18,245,4,65,302,67,43,15,174,6/22/2020
4/19/2020,339,5209,2066,33045,38254,23,635,26,271,1,66,298,71,44,11,185,6/22/2020
4/20/2020,379,5588,1914,34959,40547,46,681,29,300,2,68,313,72,45,10,195,6/22/2020
4/21/2020,387,5975,2125,37084,43059,45,726,31,331,5,73,322,77,48,18,213,6/22/2020
4/22/2020,382,6357,2405,39489,45846,41,767,32,363,5,78,326,77,52,17,230,6/22/2020
4/23/2020,419,6776,2474,41963,48739,31,798,28,391,5,83,324,78,53,14,244,6/22/2020
4/24/2020,415,7191,3289,45252,52443,35,833,27,418,4,87,328,81,56,15,259,6/22/2020
4/25/2020,305,7496,2216,47468,54964,34,867,17,435,5,92,340,84,55,14,273,6/22/2020
4/26/2020,275,7771,2312,49780,57551,33,900,15,450,3,95,355,80,55,14,287,6/22/2020
4/27/2020,203,7974,1631,51411,59385,29,929,21,471,4,99,359,98,62,10,297,6/22/2020
4/28/2020,324,8298,2272,53683,61981,44,973,24,495,3,102,376,76,51,22,319,6/22/2020
4/29/2020,371,8669,3363,57046,65715,36,1009,38,533,11,113,363,80,54,18,337,6/22/2020
4/30/2020,349,9018,2776,59822,68840,33,1042,38,571,6,119,352,83,59,24,361,6/22/2020
5/1/2020,317,9335,3096,62918,72253,51,1093,39,610,3,122,361,84,61,14,375,6/22/2020
5/2/2020,189,9524,1931,64849,74373,36,1129,39,649,5,127,353,89,62,24,399,6/22/2020
5/3/2020,182,9706,2171,67020,76726,31,1160,27,676,8,135,349,86,60,20,419,6/22/2020
5/4/2020,291,9997,2106,69126,79123,30,1190,31,707,5,140,343,82,56,18,437,6/22/2020
5/5/2020,304,10301,2886,72012,82313,28,1218,32,739,6,146,333,71,52,16,453,6/22/2020
5/6/2020,345,10646,2847,74859,85505,28,1246,44,783,9,155,308,77,56,20,473,6/22/2020
5/7/2020,272,10918,2910,77769,88687,36,1282,42,825,5,160,297,70,52,21,494,6/22/2020
5/8/2020,232,11150,2501,80270,91420,30,1312,29,854,5,165,293,73,52,22,516,6/22/2020
5/9/2020,287,11437,3292,83562,94999,22,1334,21,875,4,169,290,72,53,14,530,6/22/2020
5/10/2020,187,11624,2092,85654,97278,20,1354,23,898,6,175,281,68,48,13,543,6/22/2020
5/11/2020,173,11797,1807,87461,99258,31,1385,16,914,6,181,290,65,42,13,556,6/22/2020
5/12/2020,219,12016,2449,89910,101926,23,1408,18,932,4,185,291,63,41,22,578,6/22/2020
5/13/2020,196,12212,3526,93436,105648,22,1430,24,956,1,186,288,66,44,12,590,6/22/2020
5/14/2020,217,12429,3314,96750,109179,19,1449,27,983,3,189,277,64,45,14,604,6/22/2020
5/15/2020,228,12657,3351,100101,112758,24,1473,41,1024,5,194,255,62,46,13,617,6/22/2020
5/16/2020,252,12909,3934,104035,116944,25,1498,13,1037,5,199,262,59,44,13,630,6/22/2020
5/17/2020,128,13037,2752,106787,119824,17,1515,7,1044,5,204,267,58,45,10,640,6/22/2020
5/18/2020,139,13176,1923,108710,121886,19,1534,15,1059,5,209,266,56,41,18,658,6/22/2020
5/19/2020,213,13389,3114,111824,125213,23,1557,31,1090,5,214,253,56,40,10,668,6/22/2020
5/20/2020,186,13575,2786,114610,128185,19,1576,23,1113,7,221,242,51,34,22,690,6/22/2020
5/21/2020,170,13745,3762,118372,132117,26,1602,15,1128,3,224,250,49,32,19,709,6/22/2020
5/22/2020,202,13947,2982,121354,135301,19,1621,29,1157,5,229,235,--,--,7,716,6/22/2020
5/23/2020,107,14054,2733,124087,138141,19,1640,11,1168,3,232,240,50,36,13,729,6/22/2020
5/24/2020,85,14139,1359,125446,139585,12,1652,14,1182,2,234,236,49,35,8,737,6/22/2020
5/25/2020,70,14209,1366,126812,141021,12,1664,14,1196,0,234,234,53,36,9,746,6/22/2020
5/26/2020,152,14361,2558,129370,143731,23,1687,22,1218,5,239,230,47,33,15,761,6/22/2020
5/27/2020,132,14493,2012,131382,145875,20,1707,17,1235,3,242,230,50,32,9,770,6/22/2020
5/28/2020,132,14625,3286,134668,149293,17,1724,29,1264,4,246,214,46,29,7,777,6/22/2020
5/29/2020,177,14802,3871,138539,153341,18,1742,27,1291,5,251,200,46,29,11,788,6/22/2020
5/30/2020,104,14906,3919,142458,157364,15,1757,19,1310,4,255,192,48,31,10,798,6/22/2020
5/31/2020,76,14982,1685,144143,159125,10,1767,10,1320,0,255,192,44,30,3,801,6/22/2020
6/1/2020,98,15080,2739,146882,161962,8,1775,12,1332,1,256,187,42,29,4,805,6/22/2020
6/2/2020,108,15188,2962,149844,165032,8,1783,9,1341,3,259,183,37,23,10,815,6/22/2020
6/3/2020,103,15291,3453,153297,168588,13,1796,18,1359,6,265,172,--,--,10,825,6/22/2020
6/4/2020,117,15408,4465,157762,173170,7,1803,25,1384,3,268,151,--,--,11,836,6/22/2020
6/5/2020,106,15514,3447,161209,176723,14,1817,12,1396,5,273,148,28,20,9,845,6/22/2020
6/6/2020,69,15583,2612,163821,179404,10,1827,7,1403,2,275,149,31,19,6,851,6/22/2020
6/7/2020,49,15632,1585,165406,181038,11,1838,7,1410,1,276,152,27,16,4,855,6/22/2020
6/8/2020,44,15676,1757,167163,182839,15,1853,12,1422,2,278,153,26,16,3,858,6/22/2020
6/9/2020,67,15743,2546,169709,185452,10,1863,18,1440,0,278,145,28,17,1,859,6/22/2020
6/10/2020,103,15846,2872,172581,188427,13,1876,12,1452,2,280,144,--,--,3,862,6/22/2020
6/11/2020,86,15932,3385,175966,191898,7,1883,14,1466,1,281,136,--,--,5,867,6/22/2020
6/12/2020,80,16012,4330,180296,196308,8,1891,14,1480,1,282,129,21,14,2,869,6/22/2020
6/13/2020,48,16060,2731,183027,199087,6,1897,4,1484,0,282,131,16,13,2,871,6/22/2020
6/14/2020,32,16092,1839,184866,200958,5,1902,7,1491,1,283,128,17,13,3,874,6/22/2020
6/15/2020,76,16168,2981,187847,204015,12,1914,14,1505,0,283,126,23,13,4,878,6/22/2020
6/16/2020,53,16221,2819,190666,206887,8,1922,10,1515,1,284,123,23,12,7,885,6/22/2020
6/17/2020,49,16270,2589,193255,209525,10,1932,18,1533,4,288,111,--,--,5,890,6/22/2020
6/18/2020,68,16338,2873,196128,212466,8,1940,11,1544,1,289,107,--,--,6,896,6/22/2020
6/19/2020,60,16398,3439,199567,215965,10,1950,10,1554,1,290,106,18,15,2,898,6/22/2020
6/20/2020,36,16434,1681,201248,217682,,,,,,,,,,3,901,6/22/2020
6/21/2020,25,16459,961,202209,218668,,,,,,,,,,2,903,6/22/2020
2/27/2020,0,0,0,0,0,1,1,0,0,0,0,1,--,--,0,0,6/23/2020
2/28/2020,0,0,0,0,0,0,1,0,0,0,0,1,--,--,0,0,6/23/2020
2/29/2020,0,0,0,0,0,0,1,0,0,0,0,1,--,--,0,0,6/23/2020
3/1/2020,2,2,2,2,4,0,1,0,0,0,0,1,--,--,0,0,6/23/2020
3/2/2020,0,2,1,3,5,1,2,0,0,0,0,2,--,--,0,0,6/23/2020
3/3/2020,0,2,2,5,7,0,2,0,0,0,0,2,--,--,0,0,6/23/2020
3/4/2020,0,2,12,17,19,1,3,0,0,0,0,3,--,--,0,0,6/23/2020
3/5/2020,1,3,4,21,24,0,3,0,0,0,0,3,--,--,0,0,6/23/2020
3/6/2020,0,3,12,33,36,0,3,0,0,0,0,3,--,--,0,0,6/23/2020
3/7/2020,0,3,19,52,55,0,3,0,0,0,0,3,--,--,0,0,6/23/2020
3/8/2020,0,3,18,70,73,0,3,0,0,0,0,3,--,--,0,0,6/23/2020
3/9/2020,1,4,15,85,89,0,3,0,0,0,0,3,--,--,0,0,6/23/2020
3/10/2020,1,5,25,110,115,0,3,0,0,0,0,3,--,--,0,0,6/23/2020
3/11/2020,0,5,34,144,149,1,4,0,0,0,0,4,--,--,0,0,6/23/2020
3/12/2020,8,13,42,186,199,1,5,0,0,0,0,5,--,--,0,0,6/23/2020
3/13/2020,6,19,50,236,255,4,9,1,1,0,0,8,--,--,0,0,6/23/2020
3/14/2020,0,19,90,326,345,0,9,0,1,0,0,8,--,--,0,0,6/23/2020
3/15/2020,1,20,54,380,400,1,10,0,1,0,0,9,--,--,0,0,6/23/2020
3/16/2020,2,22,95,475,497,2,12,0,1,0,0,11,--,--,0,0,6/23/2020
3/17/2020,11,33,162,637,670,6,18,0,1,0,0,17,--,--,0,0,6/23/2020
3/18/2020,11,44,116,753,797,3,21,0,1,0,0,20,--,--,0,0,6/23/2020
3/19/2020,17,61,262,1015,1076,2,23,1,2,0,0,21,--,--,1,1,6/23/2020
3/20/2020,13,74,197,1212,1286,5,28,0,2,0,0,26,--,--,0,1,6/23/2020
3/21/2020,14,88,126,1338,1426,3,31,2,4,0,0,27,--,--,0,1,6/23/2020
3/22/2020,25,113,282,1620,1733,2,33,0,4,0,0,29,--,--,0,1,6/23/2020
3/23/2020,16,129,174,1794,1923,16,49,1,5,0,0,44,--,--,0,1,6/23/2020
3/24/2020,19,148,244,2038,2186,7,56,0,5,0,0,51,--,--,0,1,6/23/2020
3/25/2020,28,176,184,2222,2398,5,61,1,6,0,0,55,--,--,0,1,6/23/2020
3/26/2020,41,217,181,2403,2620,10,71,5,11,0,0,60,--,--,0,1,6/23/2020
3/27/2020,31,248,215,2618,2866,9,80,1,12,1,1,67,--,--,2,3,6/23/2020
3/28/2020,64,312,261,2879,3191,13,93,3,15,2,3,75,--,--,1,4,6/23/2020
3/29/2020,105,417,357,3236,3653,8,101,4,19,1,4,78,--,--,2,6,6/23/2020
3/30/2020,78,495,223,3459,3954,20,121,5,24,0,4,93,--,--,3,9,6/23/2020
3/31/2020,73,568,370,3829,4397,11,132,7,31,1,5,96,--,--,2,11,6/23/2020
4/1/2020,100,668,703,4532,5200,18,150,7,38,0,5,107,--,--,1,12,6/23/2020
4/2/2020,62,730,476,5008,5738,21,171,6,44,2,7,120,--,--,4,16,6/23/2020
4/3/2020,101,831,779,5787,6618,23,194,7,51,0,7,136,--,--,3,19,6/23/2020
4/4/2020,137,968,660,6447,7415,22,216,4,55,5,12,149,--,--,9,28,6/23/2020
4/5/2020,182,1150,1158,7605,8755,20,236,9,64,1,13,159,45,37,2,30,6/23/2020
4/6/2020,206,1356,1710,9315,10671,26,262,7,71,0,13,178,45,38,7,37,6/23/2020
4/7/2020,260,1616,1633,10948,12564,20,282,4,75,2,15,192,45,35,5,42,6/23/2020
4/8/2020,274,1890,1725,12673,14563,19,301,8,83,6,21,197,50,36,9,51,6/23/2020
4/9/2020,279,2169,1524,14197,16366,32,333,9,92,4,25,216,50,38,7,58,6/23/2020
4/10/2020,404,2573,2580,16777,19350,29,362,16,108,5,30,224,48,36,11,69,6/23/2020
4/11/2020,280,2853,1918,18695,21548,29,391,11,119,2,32,240,49,40,11,80,6/23/2020
4/12/2020,288,3141,1678,20373,23514,35,426,13,132,5,37,257,54,44,10,90,6/23/2020
4/13/2020,187,3328,942,21315,24643,35,461,13,145,3,40,276,61,43,9,99,6/23/2020
4/14/2020,268,3596,1795,23110,26706,27,488,17,162,5,45,281,62,43,8,107,6/23/2020
4/15/2020,307,3903,1805,24915,28818,31,519,19,181,3,48,290,67,43,17,124,6/23/2020
4/16/2020,392,4295,2504,27419,31714,36,555,25,206,6,54,295,70,43,14,138,6/23/2020
4/17/2020,290,4585,1829,29248,33833,31,586,21,227,7,61,298,62,45,21,159,6/23/2020
4/18/2020,284,4869,1731,30979,35848,26,612,18,245,4,65,302,67,43,15,174,6/23/2020
4/19/2020,339,5208,2066,33045,38253,23,635,26,271,1,66,298,71,44,11,185,6/23/2020
4/20/2020,379,5587,1914,34959,40546,46,681,29,300,2,68,313,72,45,10,195,6/23/2020
4/21/2020,387,5974,2125,37084,43058,45,726,31,331,5,73,322,77,48,18,213,6/23/2020
4/22/2020,382,6356,2405,39489,45845,41,767,32,363,5,78,326,77,52,17,230,6/23/2020
4/23/2020,419,6775,2474,41963,48738,31,798,28,391,5,83,324,78,53,14,244,6/23/2020
4/24/2020,415,7190,3289,45252,52442,35,833,27,418,4,87,328,81,56,15,259,6/23/2020
4/25/2020,305,7495,2216,47468,54963,34,867,17,435,5,92,340,84,55,14,273,6/23/2020
4/26/2020,275,7770,2312,49780,57550,33,900,15,450,3,95,355,80,55,14,287,6/23/2020
4/27/2020,203,7973,1631,51411,59384,29,929,21,471,4,99,359,98,62,10,297,6/23/2020
4/28/2020,324,8297,2272,53683,61980,44,973,24,495,3,102,376,76,51,22,319,6/23/2020
4/29/2020,371,8668,3363,57046,65714,36,1009,38,533,11,113,363,80,54,18,337,6/23/2020
4/30/2020,349,9017,2776,59822,68839,33,1042,38,571,6,119,352,83,59,24,361,6/23/2020
5/1/2020,317,9334,3096,62918,72252,51,1093,39,610,3,122,361,84,61,14,375,6/23/2020
5/2/2020,189,9523,1931,64849,74372,36,1129,39,649,5,127,353,89,62,24,399,6/23/2020
5/3/2020,182,9705,2171,67020,76725,31,1160,26,675,8,135,350,86,60,20,419,6/23/2020
5/4/2020,291,9996,2106,69126,79122,30,1190,31,706,6,141,343,82,56,18,437,6/23/2020
5/5/2020,304,10300,2886,72012,82312,28,1218,32,738,6,147,333,71,52,16,453,6/23/2020
5/6/2020,345,10645,2847,74859,85504,28,1246,44,782,9,156,308,77,56,20,473,6/23/2020
5/7/2020,272,10917,2910,77769,88686,36,1282,42,824,5,161,297,70,52,21,494,6/23/2020
5/8/2020,233,11150,2501,80270,91420,30,1312,29,853,5,166,293,73,52,22,516,6/23/2020
5/9/2020,287,11437,3292,83562,94999,22,1334,21,874,4,170,290,72,53,14,530,6/23/2020
5/10/2020,187,11624,2092,85654,97278,20,1354,23,897,6,176,281,68,48,13,543,6/23/2020
5/11/2020,173,11797,1807,87461,99258,31,1385,16,913,6,182,290,65,42,13,556,6/23/2020
5/12/2020,219,12016,2449,89910,101926,23,1408,18,931,4,186,291,63,41,22,578,6/23/2020
5/13/2020,196,12212,3526,93436,105648,22,1430,24,955,1,187,288,66,44,12,590,6/23/2020
5/14/2020,217,12429,3314,96750,109179,19,1449,27,982,3,190,277,64,45,14,604,6/23/2020
5/15/2020,228,12657,3351,100101,112758,24,1473,41,1023,5,195,255,62,46,13,617,6/23/2020
5/16/2020,252,12909,3934,104035,116944,25,1498,13,1036,5,200,262,59,44,13,630,6/23/2020
5/17/2020,128,13037,2752,106787,119824,17,1515,7,1043,5,205,267,58,45,10,640,6/23/2020
5/18/2020,139,13176,1923,108710,121886,19,1534,15,1058,5,210,266,56,41,18,658,6/23/2020
5/19/2020,213,13389,3114,111824,125213,23,1557,31,1089,5,215,253,56,40,10,668,6/23/2020
5/20/2020,186,13575,2786,114610,128185,19,1576,23,1112,7,222,242,51,34,22,690,6/23/2020
5/21/2020,170,13745,3762,118372,132117,26,1602,15,1127,3,225,250,49,32,19,709,6/23/2020
5/22/2020,202,13947,2982,121354,135301,19,1621,29,1156,5,230,235,--,--,7,716,6/23/2020
5/23/2020,107,14054,2733,124087,138141,19,1640,11,1167,3,233,240,50,36,13,729,6/23/2020
5/24/2020,85,14139,1359,125446,139585,12,1652,14,1181,2,235,236,49,35,8,737,6/23/2020
5/25/2020,70,14209,1366,126812,141021,12,1664,14,1195,0,235,234,53,36,9,746,6/23/2020
5/26/2020,152,14361,2558,129370,143731,23,1687,22,1217,5,240,230,47,33,15,761,6/23/2020
5/27/2020,132,14493,2012,131382,145875,20,1707,17,1234,3,243,230,50,32,9,770,6/23/2020
5/28/2020,132,14625,3286,134668,149293,17,1724,29,1263,4,247,214,46,29,7,777,6/23/2020
5/29/2020,177,14802,3871,138539,153341,18,1742,27,1290,5,252,200,46,29,11,788,6/23/2020
5/30/2020,104,14906,3919,142458,157364,15,1757,19,1309,4,256,192,48,31,10,798,6/23/2020
5/31/2020,76,14982,1685,144143,159125,10,1767,10,1319,0,256,192,44,30,3,801,6/23/2020
6/1/2020,98,15080,2739,146882,161962,8,1775,12,1331,1,257,187,42,29,4,805,6/23/2020
6/2/2020,108,15188,2962,149844,165032,8,1783,9,1340,3,260,183,37,23,10,815,6/23/2020
6/3/2020,103,15291,3453,153297,168588,13,1796,18,1358,6,266,172,--,--,10,825,6/23/2020
6/4/2020,117,15408,4465,157762,173170,7,1803,25,1383,3,269,151,--,--,11,836,6/23/2020
6/5/2020,105,15513,3447,161209,176722,14,1817,12,1395,5,274,148,28,20,9,845,6/23/2020
6/6/2020,70,15583,2612,163821,179404,10,1827,7,1402,2,276,149,31,19,6,851,6/23/2020
6/7/2020,49,15632,1585,165406,181038,11,1838,7,1409,1,277,152,27,16,4,855,6/23/2020
6/8/2020,44,15676,1757,167163,182839,15,1853,12,1421,2,279,153,26,16,3,858,6/23/2020
6/9/2020,67,15743,2546,169709,185452,10,1863,18,1439,0,279,145,28,17,1,859,6/23/2020
6/10/2020,103,15846,2872,172581,188427,13,1876,12,1451,2,281,144,--,--,3,862,6/23/2020
6/11/2020,86,15932,3385,175966,191898,7,1883,14,1465,1,282,136,--,--,5,867,6/23/2020
6/12/2020,80,16012,4330,180296,196308,8,1891,14,1479,1,283,129,21,14,2,869,6/23/2020
6/13/2020,48,16060,2731,183027,199087,6,1897,4,1483,0,283,131,16,13,2,871,6/23/2020
6/14/2020,32,16092,1839,184866,200958,5,1902,7,1490,1,284,128,17,13,3,874,6/23/2020
6/15/2020,76,16168,2981,187847,204015,12,1914,14,1504,0,284,126,23,13,4,878,6/23/2020
6/16/2020,53,16221,2819,190666,206887,8,1922,10,1514,1,285,123,23,12,7,885,6/23/2020
6/17/2020,49,16270,2589,193255,209525,11,1933,18,1532,4,289,112,--,--,6,891,6/23/2020
6/18/2020,69,16339,2873,196128,212467,8,1941,11,1543,1,290,108,--,--,6,897,6/23/2020
6/19/2020,59,16398,3439,199567,215965,11,1952,10,1553,1,291,108,18,15,3,900,6/23/2020
6/20/2020,36,16434,1681,201248,217682,6,1958,9,1562,0,291,105,19,17,3,903,6/23/2020
6/21/2020,28,16462,961,202209,218671,,,,,,,,,,2,905,6/23/2020
6/22/2020,71,16533,3421,205630,222163,,,,,,,,,,1,906,6/23/2020
2/27/2020,0,0,0,0,0,1,1,0,0,0,0,1,--,--,0,0,6/24/2020
2/28/2020,0,0,0,0,0,0,1,0,0,0,0,1,--,--,0,0,6/24/2020
2/29/2020,0,0,0,0,0,0,1,0,0,0,0,1,--,--,0,0,6/24/2020
3/1/2020,2,2,2,2,4,0,1,0,0,0,0,1,--,--,0,0,6/24/2020
3/2/2020,0,2,1,3,5,1,2,0,0,0,0,2,--,--,0,0,6/24/2020
3/3/2020,0,2,2,5,7,0,2,0,0,0,0,2,--,--,0,0,6/24/2020
3/4/2020,0,2,12,17,19,1,3,0,0,0,0,3,--,--,0,0,6/24/2020
3/5/2020,1,3,4,21,24,0,3,0,0,0,0,3,--,--,0,0,6/24/2020
3/6/2020,0,3,12,33,36,0,3,0,0,0,0,3,--,--,0,0,6/24/2020
3/7/2020,0,3,19,52,55,0,3,0,0,0,0,3,--,--,0,0,6/24/2020
3/8/2020,0,3,18,70,73,0,3,0,0,0,0,3,--,--,0,0,6/24/2020
3/9/2020,1,4,15,85,89,0,3,0,0,0,0,3,--,--,0,0,6/24/2020
3/10/2020,1,5,25,110,115,0,3,0,0,0,0,3,--,--,0,0,6/24/2020
3/11/2020,0,5,34,144,149,1,4,0,0,0,0,4,--,--,0,0,6/24/2020
3/12/2020,8,13,42,186,199,1,5,0,0,0,0,5,--,--,0,0,6/24/2020
3/13/2020,6,19,50,236,255,4,9,1,1,0,0,8,--,--,0,0,6/24/2020
3/14/2020,0,19,90,326,345,0,9,0,1,0,0,8,--,--,0,0,6/24/2020
3/15/2020,1,20,54,380,400,1,10,0,1,0,0,9,--,--,0,0,6/24/2020
3/16/2020,2,22,95,475,497,2,12,0,1,0,0,11,--,--,0,0,6/24/2020
3/17/2020,11,33,162,637,670,6,18,0,1,0,0,17,--,--,0,0,6/24/2020
3/18/2020,11,44,116,753,797,3,21,0,1,0,0,20,--,--,0,0,6/24/2020
3/19/2020,17,61,262,1015,1076,2,23,1,2,0,0,21,--,--,1,1,6/24/2020
3/20/2020,13,74,197,1212,1286,5,28,0,2,0,0,26,--,--,0,1,6/24/2020
3/21/2020,14,88,126,1338,1426,3,31,2,4,0,0,27,--,--,0,1,6/24/2020
3/22/2020,25,113,282,1620,1733,2,33,0,4,0,0,29,--,--,0,1,6/24/2020
3/23/2020,16,129,169,1789,1918,16,49,1,5,0,0,44,--,--,0,1,6/24/2020
3/24/2020,19,148,243,2032,2180,7,56,0,5,0,0,51,--,--,0,1,6/24/2020
3/25/2020,28,176,183,2215,2391,5,61,1,6,0,0,55,--,--,0,1,6/24/2020
3/26/2020,41,217,181,2396,2613,10,71,5,11,0,0,60,--,--,0,1,6/24/2020
3/27/2020,31,248,215,2611,2859,9,80,1,12,1,1,67,--,--,2,3,6/24/2020
3/28/2020,64,312,260,2871,3183,13,93,3,15,2,3,75,--,--,1,4,6/24/2020
3/29/2020,105,417,356,3227,3644,8,101,4,19,1,4,78,--,--,2,6,6/24/2020
3/30/2020,78,495,222,3449,3944,20,121,5,24,0,4,93,--,--,3,9,6/24/2020
3/31/2020,73,568,369,3818,4386,11,132,7,31,1,5,96,--,--,2,11,6/24/2020
4/1/2020,100,668,699,4517,5185,18,150,7,38,0,5,107,--,--,1,12,6/24/2020
4/2/2020,62,730,477,4994,5724,21,171,6,44,2,7,120,--,--,4,16,6/24/2020
4/3/2020,101,831,775,5769,6600,23,194,7,51,0,7,136,--,--,3,19,6/24/2020
4/4/2020,137,968,660,6429,7397,22,216,4,55,5,12,149,--,--,9,28,6/24/2020
4/5/2020,182,1150,1156,7585,8735,20,236,9,64,1,13,159,45,37,2,30,6/24/2020
4/6/2020,206,1356,1707,9292,10648,26,262,7,71,0,13,178,45,38,7,37,6/24/2020
4/7/2020,260,1616,1631,10923,12539,20,282,3,74,2,15,193,45,35,5,42,6/24/2020
4/8/2020,274,1890,1723,12646,14536,19,301,8,82,6,21,198,50,36,10,52,6/24/2020
4/9/2020,279,2169,1521,14167,16336,32,333,9,91,4,25,217,50,38,7,59,6/24/2020
4/10/2020,404,2573,2577,16744,19317,29,362,17,108,5,30,224,48,36,11,70,6/24/2020
4/11/2020,280,2853,1911,18655,21508,29,391,11,119,2,32,240,49,40,11,81,6/24/2020
4/12/2020,288,3141,1674,20329,23470,35,426,13,132,5,37,257,54,44,10,91,6/24/2020
4/13/2020,187,3328,938,21267,24595,35,461,13,145,3,40,276,61,43,9,100,6/24/2020
4/14/2020,268,3596,1788,23055,26651,27,488,17,162,5,45,281,62,43,8,108,6/24/2020
4/15/2020,307,3903,1803,24858,28761,31,519,19,181,3,48,290,67,43,17,125,6/24/2020
4/16/2020,392,4295,2500,27358,31653,36,555,25,206,6,54,295,70,43,14,139,6/24/2020
4/17/2020,290,4585,1823,29181,33766,31,586,21,227,7,61,298,62,45,21,160,6/24/2020
4/18/2020,284,4869,1728,30909,35778,26,612,18,245,4,65,302,67,43,15,175,6/24/2020
4/19/2020,339,5208,2059,32968,38176,23,635,26,271,1,66,298,71,44,11,186,6/24/2020
4/20/2020,379,5587,1909,34877,40464,46,681,29,300,2,68,313,72,45,10,196,6/24/2020
4/21/2020,387,5974,2114,36991,42965,45,726,31,331,5,73,322,77,48,18,214,6/24/2020
4/22/2020,382,6356,2398,39389,45745,41,767,32,363,5,78,326,77,52,17,231,6/24/2020
4/23/2020,419,6775,2471,41860,48635,31,798,28,391,5,83,324,78,53,14,245,6/24/2020
4/24/2020,415,7190,3292,45152,52342,35,833,27,418,4,87,328,81,56,15,260,6/24/2020
4/25/2020,305,7495,2210,47362,54857,34,867,17,435,5,92,340,84,55,14,274,6/24/2020
4/26/2020,275,7770,2314,49676,57446,33,900,15,450,3,95,355,80,55,14,288,6/24/2020
4/27/2020,203,7973,1624,51300,59273,29,929,21,471,4,99,359,98,62,10,298,6/24/2020
4/28/2020,324,8297,2268,53568,61865,44,973,24,495,3,102,376,76,51,22,320,6/24/2020
4/29/2020,371,8668,3351,56919,65587,36,1009,38,533,11,113,363,80,54,18,338,6/24/2020
4/30/2020,349,9017,2772,59691,68708,33,1042,38,571,6,119,352,83,59,24,362,6/24/2020
5/1/2020,317,9334,3089,62780,72114,51,1093,40,611,3,122,360,84,61,14,376,6/24/2020
5/2/2020,189,9523,1926,64706,74229,36,1129,38,649,5,127,353,89,62,24,400,6/24/2020
5/3/2020,182,9705,2168,66874,76579,31,1160,27,676,8,135,349,86,60,21,421,6/24/2020
5/4/2020,291,9996,2101,68975,78971,30,1190,31,707,5,140,343,82,56,18,439,6/24/2020
5/5/2020,304,10300,2878,71853,82153,28,1218,32,739,6,146,333,71,52,16,455,6/24/2020
5/6/2020,345,10645,2836,74689,85334,28,1246,44,783,9,155,308,77,56,20,475,6/24/2020
5/7/2020,272,10917,2904,77593,88510,36,1282,42,825,5,160,297,70,52,21,496,6/24/2020
5/8/2020,233,11150,2494,80087,91237,30,1312,29,854,5,165,293,73,52,22,518,6/24/2020
5/9/2020,287,11437,3290,83377,94814,22,1334,21,875,4,169,290,72,53,15,533,6/24/2020
5/10/2020,187,11624,2090,85467,97091,20,1354,23,898,6,175,281,68,48,13,546,6/24/2020
5/11/2020,173,11797,1796,87263,99060,31,1385,16,914,6,181,290,65,42,15,561,6/24/2020
5/12/2020,219,12016,2433,89696,101712,23,1408,18,932,4,185,291,63,41,22,583,6/24/2020
5/13/2020,196,12212,3518,93214,105426,22,1430,24,956,1,186,288,66,44,12,595,6/24/2020
5/14/2020,217,12429,3292,96506,108935,19,1449,27,983,3,189,277,64,45,14,609,6/24/2020
5/15/2020,228,12657,3314,99820,112477,24,1473,41,1024,5,194,255,62,46,13,622,6/24/2020
5/16/2020,252,12909,3875,103695,116604,25,1498,13,1037,5,199,262,59,44,13,635,6/24/2020
5/17/2020,128,13037,2706,106401,119438,17,1515,7,1044,5,204,267,58,45,10,645,6/24/2020
5/18/2020,139,13176,1906,108307,121483,19,1534,15,1059,5,209,266,56,41,18,663,6/24/2020
5/19/2020,213,13389,3080,111387,124776,23,1557,31,1090,5,214,253,56,40,10,673,6/24/2020
5/20/2020,186,13575,2759,114146,127721,19,1576,23,1113,7,221,242,51,34,22,695,6/24/2020
5/21/2020,170,13745,3748,117894,131639,26,1602,15,1128,3,224,250,49,32,19,714,6/24/2020
5/22/2020,202,13947,2974,120868,134815,19,1621,29,1157,5,229,235,--,--,7,721,6/24/2020
5/23/2020,107,14054,2725,123593,137647,19,1640,11,1168,3,232,240,50,36,13,734,6/24/2020
5/24/2020,85,14139,1357,124950,139089,12,1652,14,1182,2,234,236,49,35,8,742,6/24/2020
5/25/2020,70,14209,1366,126316,140525,12,1664,14,1196,0,234,234,53,36,9,751,6/24/2020
5/26/2020,152,14361,2545,128861,143222,23,1687,22,1218,5,239,230,47,33,15,766,6/24/2020
5/27/2020,132,14493,2005,130866,145359,20,1707,17,1235,3,242,230,50,32,9,775,6/24/2020
5/28/2020,132,14625,3278,134144,148769,17,1724,29,1264,4,246,214,46,29,7,782,6/24/2020
5/29/2020,177,14802,3863,138007,152809,18,1742,27,1291,5,251,200,46,29,11,793,6/24/2020
5/30/2020,104,14906,3914,141921,156827,15,1757,19,1310,4,255,192,48,31,10,803,6/24/2020
5/31/2020,76,14982,1675,143596,158578,10,1767,10,1320,0,255,192,44,30,3,806,6/24/2020
6/1/2020,98,15080,2735,146331,161411,8,1775,12,1332,1,256,187,42,29,4,810,6/24/2020
6/2/2020,108,15188,2953,149284,164472,8,1783,9,1341,3,259,183,37,23,10,820,6/24/2020
6/3/2020,103,15291,3442,152726,168017,13,1796,18,1359,6,265,172,--,--,10,830,6/24/2020
6/4/2020,117,15408,4454,157180,172588,7,1803,25,1384,3,268,151,--,--,11,841,6/24/2020
6/5/2020,105,15513,3434,160614,176127,14,1817,12,1396,5,273,148,28,20,9,850,6/24/2020
6/6/2020,70,15583,2604,163218,178801,10,1827,7,1403,2,275,149,31,19,6,856,6/24/2020
6/7/2020,49,15632,1582,164800,180432,11,1838,7,1410,1,276,152,27,16,4,860,6/24/2020
6/8/2020,44,15676,1750,166550,182226,15,1853,12,1422,2,278,153,26,16,3,863,6/24/2020
6/9/2020,67,15743,2536,169086,184829,10,1863,18,1440,0,278,145,28,17,1,864,6/24/2020
6/10/2020,103,15846,2861,171947,187793,13,1876,12,1452,2,280,144,--,--,3,867,6/24/2020
6/11/2020,86,15932,3375,175322,191254,7,1883,15,1467,1,281,135,--,--,5,872,6/24/2020
6/12/2020,80,16012,4326,179648,195660,8,1891,15,1482,1,282,127,21,14,2,874,6/24/2020
6/13/2020,48,16060,2721,182369,198429,6,1897,4,1486,0,282,129,16,13,2,876,6/24/2020
6/14/2020,32,16092,1835,184204,200296,6,1903,7,1493,1,283,127,17,13,3,879,6/24/2020
6/15/2020,76,16168,2963,187167,203335,13,1916,14,1507,0,283,126,23,13,4,883,6/24/2020
6/16/2020,53,16221,2811,189978,206199,9,1925,10,1517,1,284,124,23,12,7,890,6/24/2020
6/17/2020,49,16270,2574,192552,208822,12,1937,19,1536,4,288,113,--,--,6,896,6/24/2020
6/18/2020,69,16339,2869,195421,211760,8,1945,12,1548,1,289,108,--,--,6,902,6/24/2020
6/19/2020,59,16398,3435,198856,215254,11,1956,11,1559,1,290,107,18,15,3,905,6/24/2020
6/20/2020,36,16434,1676,200532,216966,6,1962,9,1568,0,290,104,19,17,3,908,6/24/2020
6/21/2020,28,16462,959,201491,217953,5,1967,5,1573,0,290,104,20,16,2,910,6/24/2020
6/22/2020,71,16533,3438,204929,221462,,,,,,,,,,1,911,6/24/2020
6/23/2020,73,16606,3458,208387,224993,,,,,,,,,,1,912,6/24/2020
2/27/2020,0,0,0,0,0,1,1,0,0,0,0,1,--,--,0,0,6/25/2020
2/28/2020,0,0,0,0,0,0,1,0,0,0,0,1,--,--,0,0,6/25/2020
2/29/2020,0,0,0,0,0,0,1,0,0,0,0,1,--,--,0,0,6/25/2020
3/1/2020,2,2,2,2,4,0,1,0,0,0,0,1,--,--,0,0,6/25/2020
3/2/2020,0,2,1,3,5,1,2,0,0,0,0,2,--,--,0,0,6/25/2020
3/3/2020,0,2,2,5,7,0,2,0,0,0,0,2,--,--,0,0,6/25/2020
3/4/2020,0,2,12,17,19,1,3,0,0,0,0,3,--,--,0,0,6/25/2020
3/5/2020,1,3,4,21,24,0,3,0,0,0,0,3,--,--,0,0,6/25/2020
3/6/2020,0,3,12,33,36,0,3,0,0,0,0,3,--,--,0,0,6/25/2020
3/7/2020,0,3,19,52,55,0,3,0,0,0,0,3,--,--,0,0,6/25/2020
3/8/2020,0,3,18,70,73,0,3,0,0,0,0,3,--,--,0,0,6/25/2020
3/9/2020,1,4,15,85,89,0,3,0,0,0,0,3,--,--,0,0,6/25/2020
3/10/2020,1,5,25,110,115,0,3,0,0,0,0,3,--,--,0,0,6/25/2020
3/11/2020,0,5,34,144,149,1,4,0,0,0,0,4,--,--,0,0,6/25/2020
3/12/2020,8,13,42,186,199,1,5,0,0,0,0,5,--,--,0,0,6/25/2020
3/13/2020,6,19,50,236,255,4,9,1,1,0,0,8,--,--,0,0,6/25/2020
3/14/2020,0,19,90,326,345,0,9,0,1,0,0,8,--,--,0,0,6/25/2020
3/15/2020,1,20,54,380,400,1,10,0,1,0,0,9,--,--,0,0,6/25/2020
3/16/2020,2,22,95,475,497,2,12,0,1,0,0,11,--,--,0,0,6/25/2020
3/17/2020,11,33,162,637,670,6,18,0,1,0,0,17,--,--,0,0,6/25/2020
3/18/2020,11,44,116,753,797,3,21,0,1,0,0,20,--,--,0,0,6/25/2020
3/19/2020,17,61,262,1015,1076,2,23,1,2,0,0,21,--,--,1,1,6/25/2020
3/20/2020,13,74,197,1212,1286,5,28,0,2,0,0,26,--,--,0,1,6/25/2020
3/21/2020,14,88,126,1338,1426,3,31,2,4,0,0,27,--,--,0,1,6/25/2020
3/22/2020,25,113,282,1620,1733,2,33,0,4,0,0,29,--,--,0,1,6/25/2020
3/23/2020,16,129,169,1789,1918,16,49,1,5,0,0,44,--,--,0,1,6/25/2020
3/24/2020,19,148,243,2032,2180,7,56,0,5,0,0,51,--,--,0,1,6/25/2020
3/25/2020,28,176,183,2215,2391,5,61,1,6,0,0,55,--,--,0,1,6/25/2020
3/26/2020,41,217,181,2396,2613,10,71,5,11,0,0,60,--,--,0,1,6/25/2020
3/27/2020,31,248,215,2611,2859,9,80,1,12,1,1,67,--,--,2,3,6/25/2020
3/28/2020,64,312,260,2871,3183,13,93,3,15,2,3,75,--,--,1,4,6/25/2020
3/29/2020,105,417,356,3227,3644,8,101,4,19,1,4,78,--,--,2,6,6/25/2020
3/30/2020,78,495,222,3449,3944,20,121,5,24,0,4,93,--,--,3,9,6/25/2020
3/31/2020,73,568,369,3818,4386,11,132,7,31,1,5,96,--,--,2,11,6/25/2020
4/1/2020,100,668,699,4517,5185,18,150,7,38,0,5,107,--,--,1,12,6/25/2020
4/2/2020,62,730,477,4994,5724,21,171,6,44,2,7,120,--,--,4,16,6/25/2020
4/3/2020,101,831,775,5769,6600,23,194,7,51,0,7,136,--,--,3,19,6/25/2020
4/4/2020,137,968,660,6429,7397,22,216,4,55,5,12,149,--,--,9,28,6/25/2020
4/5/2020,182,1150,1156,7585,8735,20,236,9,64,1,13,159,45,37,2,30,6/25/2020
4/6/2020,206,1356,1707,9292,10648,26,262,7,71,0,13,178,45,38,7,37,6/25/2020
4/7/2020,260,1616,1631,10923,12539,20,282,3,74,2,15,193,45,35,5,42,6/25/2020
4/8/2020,274,1890,1723,12646,14536,19,301,8,82,6,21,198,50,36,10,52,6/25/2020
4/9/2020,279,2169,1521,14167,16336,32,333,9,91,4,25,217,50,38,7,59,6/25/2020
4/10/2020,404,2573,2577,16744,19317,29,362,17,108,5,30,224,48,36,11,70,6/25/2020
4/11/2020,280,2853,1911,18655,21508,29,391,11,119,2,32,240,49,40,11,81,6/25/2020
4/12/2020,288,3141,1674,20329,23470,35,426,13,132,5,37,257,54,44,10,91,6/25/2020
4/13/2020,187,3328,938,21267,24595,35,461,13,145,3,40,276,61,43,9,100,6/25/2020
4/14/2020,268,3596,1788,23055,26651,27,488,17,162,5,45,281,62,43,8,108,6/25/2020
4/15/2020,307,3903,1803,24858,28761,31,519,19,181,3,48,290,67,43,17,125,6/25/2020
4/16/2020,392,4295,2500,27358,31653,36,555,25,206,6,54,295,70,43,14,139,6/25/2020
4/17/2020,290,4585,1823,29181,33766,31,586,21,227,7,61,298,62,45,21,160,6/25/2020
4/18/2020,284,4869,1728,30909,35778,25,611,18,245,4,65,301,67,43,15,175,6/25/2020
4/19/2020,339,5208,2059,32968,38176,23,634,26,271,1,66,297,71,44,11,186,6/25/2020
4/20/2020,379,5587,1909,34877,40464,46,680,29,300,2,68,312,72,45,10,196,6/25/2020
4/21/2020,387,5974,2114,36991,42965,45,725,31,331,5,73,321,77,48,18,214,6/25/2020
4/22/2020,382,6356,2398,39389,45745,41,766,32,363,5,78,325,77,52,17,231,6/25/2020
4/23/2020,419,6775,2471,41860,48635,31,797,28,391,5,83,323,78,53,14,245,6/25/2020
4/24/2020,415,7190,3292,45152,52342,35,832,27,418,4,87,327,81,56,15,260,6/25/2020
4/25/2020,305,7495,2210,47362,54857,34,866,17,435,5,92,339,84,55,14,274,6/25/2020
4/26/2020,275,7770,2314,49676,57446,33,899,15,450,3,95,354,80,55,14,288,6/25/2020
4/27/2020,203,7973,1624,51300,59273,29,928,21,471,4,99,358,98,62,10,298,6/25/2020
4/28/2020,324,8297,2268,53568,61865,44,972,24,495,3,102,375,76,51,22,320,6/25/2020
4/29/2020,371,8668,3351,56919,65587,36,1008,38,533,11,113,362,80,54,18,338,6/25/2020
4/30/2020,349,9017,2772,59691,68708,33,1041,37,570,6,119,352,83,59,24,362,6/25/2020
5/1/2020,317,9334,3089,62780,72114,51,1092,40,610,3,122,360,84,61,14,376,6/25/2020
5/2/2020,189,9523,1926,64706,74229,36,1128,38,648,5,127,353,89,62,24,400,6/25/2020
5/3/2020,182,9705,2168,66874,76579,31,1159,27,675,8,135,349,86,60,21,421,6/25/2020
5/4/2020,291,9996,2101,68975,78971,30,1189,31,706,5,140,343,82,56,18,439,6/25/2020
5/5/2020,304,10300,2878,71853,82153,28,1217,32,738,6,146,333,71,52,16,455,6/25/2020
5/6/2020,345,10645,2836,74689,85334,28,1245,44,782,9,155,308,77,56,20,475,6/25/2020
5/7/2020,273,10918,2904,77593,88511,36,1281,42,824,5,160,297,70,52,21,496,6/25/2020
5/8/2020,232,11150,2494,80087,91237,30,1311,29,853,5,165,293,73,52,22,518,6/25/2020
5/9/2020,287,11437,3290,83377,94814,22,1333,21,874,4,169,290,72,53,15,533,6/25/2020
5/10/2020,187,11624,2090,85467,97091,20,1353,23,897,6,175,281,68,48,13,546,6/25/2020
5/11/2020,173,11797,1796,87263,99060,31,1384,16,913,6,181,290,65,42,15,561,6/25/2020
5/12/2020,219,12016,2433,89696,101712,23,1407,18,931,4,185,291,63,41,22,583,6/25/2020
5/13/2020,196,12212,3518,93214,105426,22,1429,24,955,1,186,288,66,44,13,596,6/25/2020
5/14/2020,217,12429,3292,96506,108935,19,1448,27,982,3,189,277,64,45,15,611,6/25/2020
5/15/2020,228,12657,3314,99820,112477,24,1472,41,1023,5,194,255,62,46,13,624,6/25/2020
5/16/2020,252,12909,3875,103695,116604,25,1497,13,1036,5,199,262,59,44,14,638,6/25/2020
5/17/2020,128,13037,2706,106401,119438,17,1514,7,1043,5,204,267,58,45,10,648,6/25/2020
5/18/2020,139,13176,1906,108307,121483,19,1533,15,1058,5,209,266,56,41,18,666,6/25/2020
5/19/2020,213,13389,3080,111387,124776,23,1556,31,1089,5,214,253,56,40,10,676,6/25/2020
5/20/2020,186,13575,2759,114146,127721,19,1575,23,1112,7,221,242,51,34,22,698,6/25/2020
5/21/2020,170,13745,3748,117894,131639,26,1601,15,1127,3,224,250,49,32,19,717,6/25/2020
5/22/2020,202,13947,2974,120868,134815,19,1620,29,1156,5,229,235,--,--,7,724,6/25/2020
5/23/2020,107,14054,2725,123593,137647,19,1639,11,1167,3,232,240,50,36,13,737,6/25/2020
5/24/2020,85,14139,1357,124950,139089,12,1651,14,1181,2,234,236,49,35,8,745,6/25/2020
5/25/2020,70,14209,1366,126316,140525,12,1663,14,1195,0,234,234,53,36,9,754,6/25/2020
5/26/2020,152,14361,2545,128861,143222,23,1686,22,1217,5,239,230,47,33,15,769,6/25/2020
5/27/2020,132,14493,2005,130866,145359,20,1706,17,1234,3,242,230,50,32,9,778,6/25/2020
5/28/2020,132,14625,3278,134144,148769,17,1723,29,1263,4,246,214,46,29,7,785,6/25/2020
5/29/2020,177,14802,3863,138007,152809,18,1741,27,1290,5,251,200,46,29,11,796,6/25/2020
5/30/2020,104,14906,3914,141921,156827,15,1756,19,1309,4,255,192,48,31,10,806,6/25/2020
5/31/2020,76,14982,1675,143596,158578,10,1766,10,1319,0,255,192,44,30,3,809,6/25/2020
6/1/2020,98,15080,2735,146331,161411,8,1774,12,1331,1,256,187,42,29,4,813,6/25/2020
6/2/2020,108,15188,2953,149284,164472,8,1782,9,1340,3,259,183,37,23,10,823,6/25/2020
6/3/2020,103,15291,3442,152726,168017,13,1795,18,1358,6,265,172,--,--,10,833,6/25/2020
6/4/2020,117,15408,4454,157180,172588,7,1802,25,1383,3,268,151,--,--,11,844,6/25/2020
6/5/2020,105,15513,3434,160614,176127,15,1817,12,1395,5,273,149,28,20,9,853,6/25/2020
6/6/2020,70,15583,2604,163218,178801,10,1827,7,1402,2,275,150,31,19,6,859,6/25/2020
6/7/2020,49,15632,1582,164800,180432,11,1838,7,1409,1,276,153,27,16,4,863,6/25/2020
6/8/2020,44,15676,1750,166550,182226,15,1853,12,1421,2,278,154,26,16,3,866,6/25/2020
6/9/2020,68,15744,2536,169086,184830,10,1863,18,1439,0,278,146,28,17,1,867,6/25/2020
6/10/2020,103,15847,2861,171947,187794,13,1876,12,1451,2,280,145,--,--,3,870,6/25/2020
6/11/2020,87,15934,3375,175322,191256,7,1883,15,1466,1,281,136,--,--,5,875,6/25/2020
6/12/2020,80,16014,4326,179648,195662,8,1891,15,1481,1,282,128,21,14,2,877,6/25/2020
6/13/2020,48,16062,2721,182369,198431,6,1897,4,1485,0,282,130,16,13,2,879,6/25/2020
6/14/2020,32,16094,1835,184204,200298,6,1903,7,1492,1,283,128,17,13,3,882,6/25/2020
6/15/2020,75,16169,2963,187167,203336,13,1916,14,1506,0,283,127,23,13,4,886,6/25/2020
6/16/2020,53,16222,2811,189978,206200,9,1925,10,1516,1,284,125,23,12,7,893,6/25/2020
6/17/2020,49,16271,2574,192552,208823,12,1937,19,1535,4,288,114,--,--,6,899,6/25/2020
6/18/2020,70,16341,2869,195421,211762,9,1946,12,1547,1,289,110,--,--,6,905,6/25/2020
6/19/2020,59,16400,3435,198856,215256,12,1958,11,1558,1,290,110,18,15,3,908,6/25/2020
6/20/2020,36,16436,1676,200532,216968,7,1965,9,1567,0,290,108,19,17,3,911,6/25/2020
6/21/2020,27,16463,959,201491,217954,5,1970,5,1572,0,290,108,20,16,2,913,6/25/2020
6/22/2020,63,16526,3449,204940,221466,11,1981,16,1588,0,290,103,18,17,1,914,6/25/2020
6/23/2020,74,16600,3459,208399,224999,,,,,,,,,,5,919,6/25/2020
6/24/2020,40,16640,3101,211500,228140,,,,,,,,,,1,920,6/25/2020
2/27/2020,0,0,0,0,0,1,1,0,0,0,0,1,--,--,0,0,6/26/2020
2/28/2020,0,0,0,0,0,0,1,0,0,0,0,1,--,--,0,0,6/26/2020
2/29/2020,0,0,0,0,0,0,1,0,0,0,0,1,--,--,0,0,6/26/2020
3/1/2020,2,2,2,2,4,0,1,0,0,0,0,1,--,--,0,0,6/26/2020
3/2/2020,0,2,1,3,5,1,2,0,0,0,0,2,--,--,0,0,6/26/2020
3/3/2020,0,2,2,5,7,0,2,0,0,0,0,2,--,--,0,0,6/26/2020
3/4/2020,0,2,12,17,19,1,3,0,0,0,0,3,--,--,0,0,6/26/2020
3/5/2020,1,3,4,21,24,0,3,0,0,0,0,3,--,--,0,0,6/26/2020
3/6/2020,0,3,12,33,36,0,3,0,0,0,0,3,--,--,0,0,6/26/2020
3/7/2020,0,3,19,52,55,0,3,0,0,0,0,3,--,--,0,0,6/26/2020
3/8/2020,0,3,18,70,73,0,3,0,0,0,0,3,--,--,0,0,6/26/2020
3/9/2020,1,4,15,85,89,0,3,0,0,0,0,3,--,--,0,0,6/26/2020
3/10/2020,1,5,25,110,115,0,3,0,0,0,0,3,--,--,0,0,6/26/2020
3/11/2020,0,5,34,144,149,1,4,0,0,0,0,4,--,--,0,0,6/26/2020
3/12/2020,8,13,42,186,199,1,5,0,0,0,0,5,--,--,0,0,6/26/2020
3/13/2020,6,19,50,236,255,4,9,1,1,0,0,8,--,--,0,0,6/26/2020
3/14/2020,0,19,90,326,345,0,9,0,1,0,0,8,--,--,0,0,6/26/2020
3/15/2020,1,20,54,380,400,1,10,0,1,0,0,9,--,--,0,0,6/26/2020
3/16/2020,2,22,95,475,497,2,12,0,1,0,0,11,--,--,0,0,6/26/2020
3/17/2020,11,33,162,637,670,6,18,0,1,0,0,17,--,--,0,0,6/26/2020
3/18/2020,11,44,116,753,797,3,21,0,1,0,0,20,--,--,0,0,6/26/2020
3/19/2020,17,61,262,1015,1076,2,23,1,2,0,0,21,--,--,1,1,6/26/2020
3/20/2020,13,74,197,1212,1286,5,28,0,2,0,0,26,--,--,0,1,6/26/2020
3/21/2020,14,88,126,1338,1426,3,31,2,4,0,0,27,--,--,0,1,6/26/2020
3/22/2020,25,113,282,1620,1733,2,33,0,4,0,0,29,--,--,0,1,6/26/2020
3/23/2020,16,129,169,1789,1918,16,49,1,5,0,0,44,--,--,0,1,6/26/2020
3/24/2020,19,148,243,2032,2180,7,56,0,5,0,0,51,--,--,0,1,6/26/2020
3/25/2020,28,176,183,2215,2391,5,61,1,6,0,0,55,--,--,0,1,6/26/2020
3/26/2020,41,217,181,2396,2613,10,71,5,11,0,0,60,--,--,0,1,6/26/2020
3/27/2020,31,248,215,2611,2859,9,80,1,12,1,1,67,--,--,2,3,6/26/2020
3/28/2020,64,312,260,2871,3183,13,93,3,15,2,3,75,--,--,1,4,6/26/2020
3/29/2020,105,417,356,3227,3644,8,101,4,19,1,4,78,--,--,2,6,6/26/2020
3/30/2020,78,495,222,3449,3944,20,121,5,24,0,4,93,--,--,3,9,6/26/2020
3/31/2020,73,568,369,3818,4386,11,132,7,31,1,5,96,--,--,2,11,6/26/2020
4/1/2020,100,668,699,4517,5185,18,150,7,38,0,5,107,--,--,1,12,6/26/2020
4/2/2020,62,730,477,4994,5724,21,171,6,44,2,7,120,--,--,4,16,6/26/2020
4/3/2020,101,831,775,5769,6600,23,194,7,51,0,7,136,--,--,3,19,6/26/2020
4/4/2020,137,968,660,6429,7397,22,216,4,55,5,12,149,--,--,9,28,6/26/2020
4/5/2020,182,1150,1156,7585,8735,20,236,9,64,1,13,159,45,37,2,30,6/26/2020
4/6/2020,206,1356,1707,9292,10648,26,262,7,71,0,13,178,45,38,7,37,6/26/2020
4/7/2020,260,1616,1631,10923,12539,20,282,3,74,2,15,193,45,35,5,42,6/26/2020
4/8/2020,273,1889,1723,12646,14535,19,301,8,82,6,21,198,50,36,10,52,6/26/2020
4/9/2020,279,2168,1521,14167,16335,32,333,9,91,4,25,217,50,38,7,59,6/26/2020
4/10/2020,404,2572,2577,16744,19316,29,362,17,108,5,30,224,48,36,11,70,6/26/2020
4/11/2020,280,2852,1911,18655,21507,29,391,11,119,2,32,240,49,40,11,81,6/26/2020
4/12/2020,288,3140,1674,20329,23469,35,426,13,132,5,37,257,54,44,10,91,6/26/2020
4/13/2020,187,3327,938,21267,24594,35,461,13,145,3,40,276,61,43,9,100,6/26/2020
4/14/2020,267,3594,1788,23055,26649,27,488,17,162,5,45,281,62,43,8,108,6/26/2020
4/15/2020,307,3901,1803,24858,28759,31,519,19,181,3,48,290,67,43,17,125,6/26/2020
4/16/2020,392,4293,2500,27358,31651,36,555,25,206,6,54,295,70,43,14,139,6/26/2020
4/17/2020,290,4583,1823,29181,33764,31,586,21,227,7,61,298,62,45,21,160,6/26/2020
4/18/2020,284,4867,1728,30909,35776,26,612,18,245,4,65,302,67,43,15,175,6/26/2020
4/19/2020,339,5206,2059,32968,38174,23,635,26,271,1,66,298,71,44,11,186,6/26/2020
4/20/2020,379,5585,1909,34877,40462,46,681,29,300,2,68,313,72,45,10,196,6/26/2020
4/21/2020,387,5972,2114,36991,42963,45,726,31,331,5,73,322,77,48,18,214,6/26/2020
4/22/2020,382,6354,2398,39389,45743,41,767,32,363,5,78,326,77,52,17,231,6/26/2020
4/23/2020,419,6773,2471,41860,48633,31,798,28,391,5,83,324,78,53,14,245,6/26/2020
4/24/2020,415,7188,3292,45152,52340,35,833,27,418,4,87,328,81,56,15,260,6/26/2020
4/25/2020,305,7493,2210,47362,54855,34,867,17,435,5,92,340,84,55,14,274,6/26/2020
4/26/2020,275,7768,2314,49676,57444,33,900,15,450,3,95,355,80,55,14,288,6/26/2020
4/27/2020,203,7971,1624,51300,59271,29,929,21,471,4,99,359,98,62,10,298,6/26/2020
4/28/2020,324,8295,2268,53568,61863,44,973,24,495,3,102,376,76,51,22,320,6/26/2020
4/29/2020,371,8666,3351,56919,65585,36,1009,38,533,11,113,363,80,54,18,338,6/26/2020
4/30/2020,349,9015,2772,59691,68706,33,1042,38,571,6,119,352,83,59,24,362,6/26/2020
5/1/2020,317,9332,3089,62780,72112,51,1093,40,611,3,122,360,84,61,14,376,6/26/2020
5/2/2020,189,9521,1926,64706,74227,35,1128,38,649,5,127,352,89,62,24,400,6/26/2020
5/3/2020,182,9703,2168,66874,76577,31,1159,27,676,8,135,348,86,60,21,421,6/26/2020
5/4/2020,291,9994,2101,68975,78969,30,1189,31,707,5,140,342,82,56,18,439,6/26/2020
5/5/2020,304,10298,2878,71853,82151,28,1217,32,739,6,146,332,71,52,16,455,6/26/2020
5/6/2020,345,10643,2836,74689,85332,28,1245,44,783,9,155,307,77,56,20,475,6/26/2020
5/7/2020,272,10915,2904,77593,88508,36,1281,41,824,5,160,297,70,52,21,496,6/26/2020
5/8/2020,232,11147,2494,80087,91234,30,1311,29,853,5,165,293,73,52,22,518,6/26/2020
5/9/2020,287,11434,3290,83377,94811,22,1333,21,874,4,169,290,72,53,15,533,6/26/2020
5/10/2020,187,11621,2090,85467,97088,20,1353,23,897,6,175,281,68,48,13,546,6/26/2020
5/11/2020,173,11794,1796,87263,99057,31,1384,16,913,6,181,290,65,42,15,561,6/26/2020
5/12/2020,219,12013,2433,89696,101709,23,1407,18,931,4,185,291,63,41,22,583,6/26/2020
5/13/2020,196,12209,3518,93214,105423,22,1429,24,955,1,186,288,66,44,13,596,6/26/2020
5/14/2020,217,12426,3292,96506,108932,19,1448,27,982,3,189,277,64,45,15,611,6/26/2020
5/15/2020,228,12654,3314,99820,112474,24,1472,41,1023,5,194,255,62,46,13,624,6/26/2020
5/16/2020,252,12906,3875,103695,116601,25,1497,13,1036,5,199,262,59,44,14,638,6/26/2020
5/17/2020,128,13034,2706,106401,119435,17,1514,7,1043,5,204,267,58,45,10,648,6/26/2020
5/18/2020,139,13173,1906,108307,121480,19,1533,15,1058,5,209,266,56,41,18,666,6/26/2020
5/19/2020,213,13386,3080,111387,124773,23,1556,31,1089,5,214,253,56,40,11,677,6/26/2020
5/20/2020,186,13572,2759,114146,127718,19,1575,23,1112,7,221,242,51,34,22,699,6/26/2020
5/21/2020,169,13741,3748,117894,131635,26,1601,15,1127,3,224,250,49,32,20,719,6/26/2020
5/22/2020,202,13943,2973,120867,134810,19,1620,29,1156,5,229,235,--,--,8,727,6/26/2020
5/23/2020,107,14050,2725,123592,137642,19,1639,11,1167,3,232,240,50,36,13,740,6/26/2020
5/24/2020,85,14135,1357,124949,139084,12,1651,14,1181,2,234,236,49,35,8,748,6/26/2020
5/25/2020,70,14205,1366,126315,140520,12,1663,14,1195,0,234,234,53,36,9,757,6/26/2020
5/26/2020,152,14357,2544,128859,143216,23,1686,22,1217,5,239,230,47,33,15,772,6/26/2020
5/27/2020,132,14489,2005,130864,145353,20,1706,17,1234,3,242,230,50,32,9,781,6/26/2020
5/28/2020,132,14621,3278,134142,148763,17,1723,29,1263,4,246,214,46,29,7,788,6/26/2020
5/29/2020,177,14798,3863,138005,152803,18,1741,27,1290,5,251,200,46,29,11,799,6/26/2020
5/30/2020,104,14902,3913,141918,156820,15,1756,19,1309,4,255,192,48,31,10,809,6/26/2020
5/31/2020,76,14978,1674,143592,158570,10,1766,10,1319,0,255,192,44,30,3,812,6/26/2020
6/1/2020,90,15068,2735,146327,161395,8,1774,12,1331,1,256,187,42,29,4,816,6/26/2020
6/2/2020,108,15176,2951,149278,164454,8,1782,9,1340,3,259,183,37,23,10,826,6/26/2020
6/3/2020,103,15279,3441,152719,167998,13,1795,18,1358,6,265,172,--,--,10,836,6/26/2020
6/4/2020,117,15396,4453,157172,172568,7,1802,25,1383,3,268,151,--,--,11,847,6/26/2020
6/5/2020,105,15501,3432,160604,176105,15,1817,12,1395,5,273,149,28,20,9,856,6/26/2020
6/6/2020,70,15571,2604,163208,178779,10,1827,7,1402,2,275,150,31,19,6,862,6/26/2020
6/7/2020,49,15620,1582,164790,180410,11,1838,7,1409,1,276,153,27,16,4,866,6/26/2020
6/8/2020,44,15664,1749,166539,182203,15,1853,12,1421,2,278,154,26,16,3,869,6/26/2020
6/9/2020,68,15732,2536,169075,184807,10,1863,18,1439,0,278,146,28,17,1,870,6/26/2020
6/10/2020,103,15835,2861,171936,187771,13,1876,12,1451,2,280,145,--,--,3,873,6/26/2020
6/11/2020,87,15922,3375,175311,191233,7,1883,15,1466,1,281,136,--,--,5,878,6/26/2020
6/12/2020,80,16002,4326,179637,195639,8,1891,15,1481,1,282,128,21,14,2,880,6/26/2020
6/13/2020,48,16050,2721,182358,198408,6,1897,4,1485,0,282,130,16,13,2,882,6/26/2020
6/14/2020,32,16082,1849,184207,200289,6,1903,7,1492,1,283,128,17,13,3,885,6/26/2020
6/15/2020,75,16157,2963,187170,203327,13,1916,14,1506,0,283,127,23,13,4,889,6/26/2020
6/16/2020,53,16210,2811,189981,206191,9,1925,10,1516,1,284,125,23,12,8,897,6/26/2020
6/17/2020,49,16259,2574,192555,208814,12,1937,19,1535,4,288,114,--,--,6,903,6/26/2020
6/18/2020,70,16329,2869,195424,211753,9,1946,12,1547,1,289,110,--,--,7,910,6/26/2020
6/19/2020,58,16387,3435,198859,215246,12,1958,11,1558,1,290,110,18,15,3,913,6/26/2020
6/20/2020,37,16424,1676,200535,216959,7,1965,9,1567,0,290,108,19,17,3,916,6/26/2020
6/21/2020,27,16451,959,201494,217945,6,1971,5,1572,0,290,109,20,16,2,918,6/26/2020
6/22/2020,63,16514,3475,204969,221483,11,1982,16,1588,0,290,104,18,17,1,919,6/26/2020
6/23/2020,72,16586,3522,208491,225077,2,1984,12,1600,3,293,91,16,15,5,924,6/26/2020
6/24/2020,50,16636,3128,211619,228255,,,,,,,,,,3,927,6/26/2020
6/25/2020,25,16661,2228,213847,230508,,,,,,,,,,0,927,6/26/2020
2/27/2020,0,0,0,0,0,1,1,0,0,0,0,1,--,--,0,0,6/29/2020
2/28/2020,0,0,0,0,0,0,1,0,0,0,0,1,--,--,0,0,6/29/2020
2/29/2020,0,0,0,0,0,0,1,0,0,0,0,1,--,--,0,0,6/29/2020
3/1/2020,2,2,2,2,4,0,1,0,0,0,0,1,--,--,0,0,6/29/2020
3/2/2020,0,2,1,3,5,1,2,0,0,0,0,2,--,--,0,0,6/29/2020
3/3/2020,0,2,2,5,7,0,2,0,0,0,0,2,--,--,0,0,6/29/2020
3/4/2020,0,2,12,17,19,1,3,0,0,0,0,3,--,--,0,0,6/29/2020
3/5/2020,1,3,4,21,24,0,3,0,0,0,0,3,--,--,0,0,6/29/2020
3/6/2020,0,3,12,33,36,0,3,0,0,0,0,3,--,--,0,0,6/29/2020
3/7/2020,0,3,19,52,55,0,3,0,0,0,0,3,--,--,0,0,6/29/2020
3/8/2020,0,3,18,70,73,0,3,0,0,0,0,3,--,--,0,0,6/29/2020
3/9/2020,1,4,15,85,89,0,3,0,0,0,0,3,--,--,0,0,6/29/2020
3/10/2020,1,5,25,110,115,0,3,0,0,0,0,3,--,--,0,0,6/29/2020
3/11/2020,0,5,34,144,149,1,4,0,0,0,0,4,--,--,0,0,6/29/2020
3/12/2020,8,13,42,186,199,1,5,0,0,0,0,5,--,--,0,0,6/29/2020
3/13/2020,6,19,50,236,255,4,9,1,1,0,0,8,--,--,0,0,6/29/2020
3/14/2020,0,19,90,326,345,0,9,0,1,0,0,8,--,--,0,0,6/29/2020
3/15/2020,1,20,54,380,400,1,10,0,1,0,0,9,--,--,0,0,6/29/2020
3/16/2020,2,22,95,475,497,2,12,0,1,0,0,11,--,--,0,0,6/29/2020
3/17/2020,11,33,162,637,670,6,18,0,1,0,0,17,--,--,0,0,6/29/2020
3/18/2020,11,44,116,753,797,3,21,0,1,0,0,20,--,--,0,0,6/29/2020
3/19/2020,17,61,262,1015,1076,2,23,1,2,0,0,21,--,--,1,1,6/29/2020
3/20/2020,13,74,197,1212,1286,5,28,0,2,0,0,26,--,--,0,1,6/29/2020
3/21/2020,14,88,126,1338,1426,3,31,2,4,0,0,27,--,--,0,1,6/29/2020
3/22/2020,25,113,282,1620,1733,2,33,0,4,0,0,29,--,--,0,1,6/29/2020
3/23/2020,16,129,169,1789,1918,16,49,1,5,0,0,44,--,--,0,1,6/29/2020
3/24/2020,19,148,243,2032,2180,7,56,0,5,0,0,51,--,--,0,1,6/29/2020
3/25/2020,28,176,183,2215,2391,5,61,1,6,0,0,55,--,--,0,1,6/29/2020
3/26/2020,41,217,181,2396,2613,10,71,5,11,0,0,60,--,--,0,1,6/29/2020
3/27/2020,31,248,215,2611,2859,9,80,1,12,1,1,67,--,--,2,3,6/29/2020
3/28/2020,64,312,260,2871,3183,13,93,3,15,2,3,75,--,--,1,4,6/29/2020
3/29/2020,105,417,356,3227,3644,8,101,4,19,1,4,78,--,--,2,6,6/29/2020
3/30/2020,78,495,222,3449,3944,20,121,5,24,0,4,93,--,--,3,9,6/29/2020
3/31/2020,73,568,369,3818,4386,11,132,7,31,1,5,96,--,--,2,11,6/29/2020
4/1/2020,100,668,699,4517,5185,18,150,7,38,0,5,107,--,--,1,12,6/29/2020
4/2/2020,62,730,477,4994,5724,21,171,6,44,2,7,120,--,--,4,16,6/29/2020
4/3/2020,101,831,775,5769,6600,23,194,7,51,0,7,136,--,--,3,19,6/29/2020
4/4/2020,137,968,660,6429,7397,22,216,4,55,5,12,149,--,--,9,28,6/29/2020
4/5/2020,182,1150,1156,7585,8735,20,236,9,64,1,13,159,45,37,2,30,6/29/2020
4/6/2020,206,1356,1707,9292,10648,26,262,7,71,0,13,178,45,38,7,37,6/29/2020
4/7/2020,260,1616,1631,10923,12539,20,282,3,74,2,15,193,45,35,5,42,6/29/2020
4/8/2020,273,1889,1723,12646,14535,19,301,8,82,6,21,198,50,36,10,52,6/29/2020
4/9/2020,279,2168,1521,14167,16335,32,333,9,91,4,25,217,50,38,7,59,6/29/2020
4/10/2020,404,2572,2577,16744,19316,29,362,17,108,5,30,224,48,36,11,70,6/29/2020
4/11/2020,280,2852,1911,18655,21507,29,391,11,119,2,32,240,49,40,11,81,6/29/2020
4/12/2020,288,3140,1674,20329,23469,35,426,13,132,5,37,257,54,44,10,91,6/29/2020
4/13/2020,187,3327,938,21267,24594,35,461,13,145,3,40,276,61,43,9,100,6/29/2020
4/14/2020,267,3594,1788,23055,26649,27,488,17,162,5,45,281,62,43,8,108,6/29/2020
4/15/2020,307,3901,1803,24858,28759,31,519,19,181,3,48,290,67,43,17,125,6/29/2020
4/16/2020,392,4293,2500,27358,31651,36,555,25,206,6,54,295,70,43,14,139,6/29/2020
4/17/2020,290,4583,1823,29181,33764,31,586,21,227,7,61,298,62,45,21,160,6/29/2020
4/18/2020,283,4866,1728,30909,35775,26,612,18,245,4,65,302,67,43,15,175,6/29/2020
4/19/2020,339,5205,2059,32968,38173,23,635,26,271,1,66,298,71,44,11,186,6/29/2020
4/20/2020,379,5584,1909,34877,40461,46,681,29,300,2,68,313,72,45,10,196,6/29/2020
4/21/2020,387,5971,2114,36991,42962,45,726,31,331,5,73,322,77,48,18,214,6/29/2020
4/22/2020,382,6353,2398,39389,45742,41,767,32,363,5,78,326,77,52,17,231,6/29/2020
4/23/2020,419,6772,2471,41860,48632,30,797,28,391,5,83,323,78,53,14,245,6/29/2020
4/24/2020,415,7187,3292,45152,52339,35,832,27,418,4,87,327,81,56,15,260,6/29/2020
4/25/2020,305,7492,2210,47362,54854,34,866,17,435,5,92,339,84,55,14,274,6/29/2020
4/26/2020,276,7768,2314,49676,57444,33,899,15,450,3,95,354,80,55,14,288,6/29/2020
4/27/2020,203,7971,1624,51300,59271,29,928,21,471,4,99,358,98,62,10,298,6/29/2020
4/28/2020,323,8294,2268,53568,61862,44,972,24,495,3,102,375,76,51,22,320,6/29/2020
4/29/2020,371,8665,3351,56919,65584,36,1008,37,532,11,113,363,80,54,18,338,6/29/2020
4/30/2020,348,9013,2772,59691,68704,33,1041,38,570,6,119,352,83,59,24,362,6/29/2020
5/1/2020,317,9330,3089,62780,72110,51,1092,39,609,3,122,361,84,61,14,376,6/29/2020
5/2/2020,189,9519,1926,64706,74225,35,1127,39,648,5,127,352,89,62,24,400,6/29/2020
5/3/2020,180,9699,2168,66874,76573,31,1158,27,675,8,135,348,86,60,21,421,6/29/2020
5/4/2020,290,9989,2101,68975,78964,30,1188,31,706,5,140,342,82,56,18,439,6/29/2020
5/5/2020,301,10290,2878,71853,82143,28,1216,32,738,6,146,332,71,52,16,455,6/29/2020
5/6/2020,342,10632,2836,74689,85321,28,1244,44,782,9,155,307,77,56,20,475,6/29/2020
5/7/2020,268,10900,2904,77593,88493,35,1279,41,823,5,160,296,70,52,21,496,6/29/2020
5/8/2020,230,11130,2494,80087,91217,30,1309,29,852,5,165,292,73,52,22,518,6/29/2020
5/9/2020,286,11416,3290,83377,94793,22,1331,21,873,4,169,289,72,53,15,533,6/29/2020
5/10/2020,185,11601,2090,85467,97068,19,1350,23,896,6,175,279,68,48,13,546,6/29/2020
5/11/2020,172,11773,1797,87264,99037,31,1381,16,912,6,181,288,65,42,15,561,6/29/2020
5/12/2020,218,11991,2433,89697,101688,23,1404,18,930,4,185,289,63,41,22,583,6/29/2020
5/13/2020,195,12186,3515,93212,105398,22,1426,24,954,1,186,286,66,44,13,596,6/29/2020
5/14/2020,215,12401,3292,96504,108905,19,1445,27,981,3,189,275,64,45,15,611,6/29/2020
5/15/2020,228,12629,3313,99817,112446,24,1469,40,1021,5,194,254,62,46,13,624,6/29/2020
5/16/2020,252,12881,3875,103692,116573,25,1494,12,1033,5,199,262,59,44,14,638,6/29/2020
5/17/2020,128,13009,2705,106397,119406,17,1511,7,1040,5,204,267,58,45,10,648,6/29/2020
5/18/2020,138,13147,1906,108303,121450,19,1530,15,1055,5,209,266,56,41,18,666,6/29/2020
5/19/2020,214,13361,3080,111383,124744,23,1553,31,1086,5,214,253,56,40,11,677,6/29/2020
5/20/2020,186,13547,2758,114141,127688,19,1572,23,1109,7,221,242,51,34,22,699,6/29/2020
5/21/2020,168,13715,3745,117886,131601,26,1598,15,1124,3,224,250,49,32,20,719,6/29/2020
5/22/2020,200,13915,2973,120859,134774,19,1617,29,1153,5,229,235,--,--,10,729,6/29/2020
5/23/2020,107,14022,2724,123583,137605,19,1636,11,1164,3,232,240,50,36,13,742,6/29/2020
5/24/2020,84,14106,1352,124935,139041,12,1648,14,1178,2,234,236,49,35,8,750,6/29/2020
5/25/2020,70,14176,1366,126301,140477,12,1660,14,1192,0,234,234,53,36,10,760,6/29/2020
5/26/2020,149,14325,2544,128845,143170,23,1683,22,1214,5,239,230,47,33,15,775,6/29/2020
5/27/2020,132,14457,2055,130900,145357,20,1703,17,1231,3,242,230,50,32,10,785,6/29/2020
5/28/2020,131,14588,3281,134181,148769,16,1719,29,1260,4,246,213,46,29,7,792,6/29/2020
5/29/2020,176,14764,3897,138078,152842,18,1737,27,1287,5,251,199,46,29,12,804,6/29/2020
5/30/2020,104,14868,3957,142035,156903,15,1752,19,1306,4,255,191,48,31,11,815,6/29/2020
5/31/2020,75,14943,1711,143746,158689,10,1762,10,1316,0,255,191,44,30,3,818,6/29/2020
6/1/2020,98,15041,2733,146479,161520,8,1770,12,1328,1,256,186,42,29,5,823,6/29/2020
6/2/2020,108,15149,2984,149463,164612,8,1778,9,1337,3,259,182,37,23,10,833,6/29/2020
6/3/2020,103,15252,3442,152905,168157,13,1791,18,1355,6,265,171,--,--,11,844,6/29/2020
6/4/2020,117,15369,4452,157357,172726,7,1798,25,1380,3,268,150,--,--,11,855,6/29/2020
6/5/2020,106,15475,3478,160835,176310,15,1813,12,1392,5,273,148,28,20,9,864,6/29/2020
6/6/2020,69,15544,2605,163440,178984,10,1823,7,1399,2,275,149,31,19,6,870,6/29/2020
6/7/2020,49,15593,1581,165021,180614,11,1834,7,1406,1,276,152,27,16,4,874,6/29/2020
6/8/2020,44,15637,1747,166768,182405,15,1849,12,1418,2,278,153,26,16,4,878,6/29/2020
6/9/2020,67,15704,2533,169301,185005,10,1859,17,1435,0,278,146,28,17,1,879,6/29/2020
6/10/2020,103,15807,2858,172159,187966,13,1872,12,1447,2,280,145,--,--,3,882,6/29/2020
6/11/2020,87,15894,3375,175534,191428,7,1879,15,1462,1,281,136,--,--,6,888,6/29/2020
6/12/2020,80,15974,4382,179916,195890,8,1887,15,1477,1,282,128,21,14,2,890,6/29/2020
6/13/2020,49,16023,2742,182658,198681,6,1893,4,1481,0,282,130,16,13,3,893,6/29/2020
6/14/2020,32,16055,1870,184528,200583,6,1899,7,1488,1,283,128,17,13,3,896,6/29/2020
6/15/2020,76,16131,2961,187489,203620,14,1913,14,1502,0,283,128,23,13,4,900,6/29/2020
6/16/2020,53,16184,2806,190295,206479,9,1922,10,1512,1,284,126,23,12,8,908,6/29/2020
6/17/2020,49,16233,2566,192861,209094,12,1934,20,1532,4,288,114,--,--,6,914,6/29/2020
6/18/2020,70,16303,2867,195728,212031,9,1943,12,1544,1,289,110,--,--,7,921,6/29/2020
6/19/2020,57,16360,3429,199157,215517,12,1955,11,1555,1,290,110,18,15,3,924,6/29/2020
6/20/2020,37,16397,1682,200839,217236,7,1962,9,1564,0,290,108,19,17,3,927,6/29/2020
6/21/2020,27,16424,973,201812,218236,6,1968,5,1569,0,290,109,20,16,2,929,6/29/2020
6/22/2020,61,16485,3543,205355,221840,12,1980,16,1585,0,290,105,18,17,1,930,6/29/2020
6/23/2020,79,16564,3602,208957,225521,2,1982,12,1597,3,293,92,16,15,6,936,6/29/2020
6/24/2020,51,16615,3242,212199,228814,7,1989,9,1606,1,294,89,--,--,5,941,6/29/2020
6/25/2020,42,16657,2746,214945,231602,4,1993,13,1619,1,295,79,16,15,0,941,6/29/2020
6/26/2020,60,16717,2275,217220,233937,2,1995,8,1627,0,295,73,15,14,1,942,6/29/2020
6/27/2020,31,16748,3160,220380,237128,,,,,,,,,,4,946,6/29/2020
6/28/2020,16,16764,1376,221756,238520,,,,,,,,,,0,946,6/29/2020
